0	0	0	0	105202	0	0	0
102362	0	0	0	0	0	0	0
101114	0	0	0	0	0	0	0
97056	0	0	0	0	0	0	0
0	0	0	0	0	0	0	21384182
0	0	0	0	0	0	0	3817314
129192	0	0	0	0	0	0	0
140524	0	0	0	0	0	0	0
99250	0	0	0	0	0	0	2435954
117840	0	0	0	0	0	0	0
0	0	0	260850	0	0	0	0
0	0	0	0	81766	0	0	0
398256	0	0	0	0	0	0	0
0	0	0	0	171902	0	0	0
0	0	0	0	129906	0	0	0
153756	0	0	0	0	0	0	0
0	0	0	6299190	0	0	0	0
0	0	0	0	88818	0	0	0
0	0	0	0	126690	0	0	0
0	0	0	0	228986	0	0	0
0	0	0	0	81894	0	0	0
88852	0	0	0	0	0	0	0
78138	0	0	0	0	0	0	0
0	0	0	110382	0	0	0	0
122566	0	0	0	0	0	0	0
0	0	0	5578422	0	0	0	0
0	0	0	113206	0	0	0	0
0	0	0	0	101098	0	0	0
94524	0	0	0	0	0	0	0
111538	0	0	0	0	0	0	0
0	0	0	18439794	0	0	0	0
0	0	0	0	121710	0	0	0
81290	0	0	0	0	0	0	0
0	0	0	0	0	0	0	10684962
205114	0	0	0	0	0	0	0
0	0	0	0	121838	0	0	0
0	0	122606	0	0	0	0	0
0	0	0	0	80614	0	0	0
0	0	0	0	76522	0	0	0
109228	0	0	0	0	0	0	0
0	0	0	0	97258	0	0	0
112796	0	0	0	0	0	0	0
0	0	0	93034	0	0	0	0
112972	0	0	0	0	0	0	0
92818	0	0	24316914	0	0	0	0
0	0	0	155498	0	0	0	0
74314	0	0	0	0	0	0	0
0	0	0	0	147298	0	0	0
149798	0	0	0	0	0	0	0
0	0	0	0	106106	0	0	0
0	0	0	0	90086	0	0	0
91128	0	0	0	0	0	0	0
0	0	0	105022	0	0	0	0
0	0	0	0	0	0	0	13888318
132008	0	0	0	0	0	0	0
0	0	0	154282	0	0	0	0
0	0	0	0	76666	0	0	0
0	0	0	150126	0	0	0	0
83096	0	0	0	0	0	0	0
67426	0	0	0	0	0	0	0
0	0	0	257834	0	0	0	0
76196	0	0	0	0	0	0	0
82784	0	0	0	0	0	0	0
0	0	0	0	0	0	0	1879790
143990	0	0	0	0	0	0	0
0	0	0	3963682	0	0	0	0
124802	0	0	0	0	0	0	0
0	0	0	0	93158	0	0	0
0	0	0	0	105466	0	0	0
0	0	0	0	0	0	0	679850
0	0	0	0	0	0	0	18033658
0	0	0	0	0	0	0	606054
153648	0	0	0	0	0	0	0
98776	0	0	0	0	0	0	0
0	0	0	109350	0	0	0	0
0	0	0	0	179194	0	0	0
165400	0	0	0	0	0	0	0
0	0	0	0	125554	0	0	0
116336	0	0	0	0	0	0	0
0	0	0	0	147186	0	0	0
0	0	0	72382	0	0	0	0
120726	0	0	0	0	0	0	0
103792	0	0	0	0	0	0	0
0	0	0	0	98290	0	0	0
0	0	0	0	133746	0	0	0
6512834	0	0	0	0	0	0	0
0	0	0	4997042	4988770	0	0	0
117590	0	0	0	0	0	0	0
0	0	0	0	294778	0	0	0
0	0	0	0	0	0	0	7326330
141058	0	0	0	0	0	0	0
0	0	0	0	135162	0	0	0
0	0	0	0	113518	0	0	0
98462	0	0	0	0	0	0	0
0	0	0	130982	0	0	0	0
165252	0	0	0	0	0	0	0
96266	0	0	0	0	0	0	0
0	0	0	0	126690	0	0	0
0	0	0	106038	0	0	0	0
0	0	0	114354	0	0	0	0
0	0	0	0	0	0	0	420858
144178	0	0	0	0	0	0	0
161320	0	0	0	0	0	0	0
0	0	0	0	1592310	0	0	0
101114	0	0	0	0	0	0	0
0	0	0	73250	0	0	0	0
0	0	0	69566	0	0	0	0
150198	0	0	0	0	0	0	0
171018	0	0	0	0	0	0	0
0	0	0	0	89070	0	0	0
0	0	0	0	106234	0	0	0
0	0	0	9715510	9714290	0	0	0
129812	0	0	0	0	0	0	0
0	0	0	0	76526	0	0	0
0	0	0	0	154230	0	0	0
0	0	0	0	85886	0	0	0
0	7567934	0	0	0	0	0	0
0	0	0	0	147050	0	0	0
171402	0	0	0	0	0	0	0
0	0	0	0	90086	0	0	0
0	0	0	102318	0	0	0	0
0	0	0	0	0	0	0	13962038
92634	0	0	0	0	0	0	0
0	0	0	109498	0	0	0	0
0	0	0	0	0	0	0	1174050
0	85998	0	0	0	0	0	0
0	0	0	88690	0	0	0	0
135460	0	0	0	0	0	0	0
76826	0	0	0	0	0	0	0
0	0	0	0	0	0	0	175658
0	0	0	0	0	0	0	1592314
88538	0	0	0	0	0	0	0
0	0	0	0	138858	0	0	0
0	0	0	84530	0	0	0	0
98618	0	0	0	0	0	0	0
134834	0	0	0	0	0	0	0
5862662	0	0	0	0	0	0	0
155962	0	0	0	0	0	0	0
160688	0	0	0	0	0	0	0
91564	0	0	0	0	0	0	0
0	0	0	0	2498546	0	0	0
0	0	0	0	126570	0	0	0
0	0	0	0	77670	0	0	0
126662	0	0	0	0	0	0	0
0	0	0	0	98026	0	0	0
131072	0	0	0	0	0	0	0
0	0	0	7392174	7380842	0	0	0
0	0	0	610158	0	0	0	0
0	0	0	0	183286	0	0	0
114140	0	0	0	0	0	0	0
0	0	0	0	142310	0	0	0
0	0	0	179186	0	0	0	0
0	0	0	80810	0	0	0	0
131696	60088190	0	0	0	0	0	0
0	0	0	98150	0	0	0	0
101738	0	0	0	0	0	0	0
107868	0	0	0	0	0	0	0
135440	0	0	0	0	0	0	0
0	0	0	92714	0	0	0	0
0	0	0	155562	0	0	0	0
158666	0	0	0	0	0	0	0
0	0	0	0	105466	0	0	0
0	0	0	159718	0	0	0	0
98936	0	0	0	0	0	0	0
0	0	0	0	126946	0	0	0
0	0	0	24223678	0	0	0	0
0	0	0	0	85606	0	0	0
128564	0	0	0	0	0	0	0
0	0	0	0	77666	0	0	0
0	0	0	0	0	0	0	806638
230312	0	0	0	0	0	0	0
0	0	0	0	98154	0	0	0
7433788	0	0	0	0	0	0	0
0	0	0	13721202	0	0	0	0
95496	0	0	0	0	0	0	0
0	0	0	109238	0	0	0	0
122334	0	0	0	0	0	0	0
0	0	0	0	139106	0	0	0
0	0	0	0	138210	0	0	0
0	0	0	92842	0	0	0	0
97044	0	0	0	0	0	0	0
2114710	0	0	0	0	0	0	0
106730	0	0	0	0	0	0	0
105794	0	0	0	0	0	0	0
0	0	0	0	0	0	0	11816678
0	0	0	0	81766	0	0	0
0	0	0	100926	0	0	0	0
78018	0	0	0	0	0	0	0
91058	0	0	0	0	0	0	0
251484	0	0	0	0	0	0	0
221378	0	0	0	0	0	0	0
0	0	0	68606	0	0	0	0
0	0	0	0	77430	0	0	0
89682	0	0	0	0	0	0	0
146124	0	0	0	0	0	0	0
0	0	0	0	0	0	0	13171518
0	0	0	0	319206	0	0	0
0	0	0	114354	0	0	0	0
78394	0	0	0	0	0	0	0
104858	0	0	0	0	0	0	0
0	0	0	5122850	126834	0	0	0
0	0	0	0	0	0	0	10653226
74900	0	0	0	0	0	0	0
0	0	0	450530	114430	0	0	0
0	0	0	0	138098	0	0	0
270296	0	0	0	0	0	0	0
0	0	0	0	0	0	0	5180410
555016	0	0	0	0	0	0	0
0	0	0	241270	0	0	0	0
134522	0	0	0	0	0	0	0
0	0	0	15724134	0	0	0	0
0	0	0	0	0	0	0	15265394
0	0	0	0	134010	0	0	0
0	0	0	0	102394	0	0	0
0	0	0	0	0	0	0	12356602
0	0	0	0	151422	0	0	0
81840	0	0	0	0	0	0	0
92190	0	0	0	0	0	0	0
0	0	0	0	97914	0	0	0
0	0	0	0	139250	0	0	0
0	0	0	188158	0	0	0	0
0	0	0	90106	0	0	0	0
1093316	0	0	0	0	0	0	0
0	0	0	0	126946	0	0	0
0	0	0	102194	0	0	0	0
0	0	0	0	1047282	0	0	0
158168	0	0	0	0	0	0	0
126662	0	0	0	0	0	0	0
0	0	0	0	195426	0	0	0
122294	0	0	0	0	0	0	0
0	0	0	89646	0	0	0	0
0	0	0	110502	0	0	0	0
0	0	0	0	106106	0	0	0
0	0	0	961314	0	0	0	0
0	0	0	0	76662	0	0	0
0	0	0	0	105442	0	0	0
0	0	0	77426	0	0	0	0
0	0	0	0	121598	0	0	0
0	0	0	1247786	0	0	0	0
0	0	0	0	113518	0	0	0
0	0	0	122874	0	0	0	0
0	0	0	0	121710	0	0	0
0	0	0	0	0	0	0	5250598
0	0	0	0	110574	0	0	0
105236	0	0	0	0	0	0	0
0	0	0	0	94066	0	0	0
132332	0	0	0	0	0	0	0
84978	0	0	0	0	0	0	0
0	0	0	69354	0	0	0	0
147692	0	0	0	0	0	0	0
0	0	0	0	117502	0	0	0
0	0	0	1687102	0	0	0	0
0	0	0	0	174826	0	0	0
0	0	0	0	146290	0	0	0
97208	0	0	0	0	0	0	0
0	0	0	0	105466	0	0	637630
0	0	0	0	73570	0	0	0
0	0	0	0	122854	0	0	0
81290	0	0	0	0	0	0	0
73376	0	0	0	0	0	0	0
0	0	0	0	0	0	0	17419258
93894	0	0	0	0	0	0	0
0	0	0	0	93922	0	0	0
0	0	0	0	0	0	0	3669546
0	0	0	0	130658	0	0	0
96580	0	0	0	0	0	0	0
0	0	0	0	89838	0	0	0
0	0	0	797430	793458	0	0	0
0	0	0	0	114430	0	0	0
0	0	0	0	171626	0	0	0
0	0	0	84718	0	0	0	0
156784	0	0	0	0	0	0	0
149258	0	0	0	0	0	0	0
0	0	0	0	105066	0	0	0
0	0	0	0	93162	0	0	0
0	0	0	17570554	0	0	0	17599482
161030	0	0	0	0	0	0	0
0	0	0	0	151142	0	0	0
118530	0	0	0	0	0	0	0
0	0	0	752618	0	0	0	0
0	0	0	0	73570	0	0	0
0	0	0	0	121838	0	0	0
0	0	0	0	90086	0	0	0
156784	0	0	0	0	0	0	0
0	0	0	0	133730	0	0	0
344532	0	0	0	0	0	0	0
146750	0	0	0	0	0	0	0
0	0	0	0	130658	0	0	0
0	0	0	0	0	0	0	1010298
0	0	0	0	125666	0	0	0
105360	0	0	0	0	0	0	0
2555278	0	0	0	0	0	0	0
0	0	0	0	11684478	0	0	11713214
0	0	0	0	757754	0	0	0
0	0	0	0	146290	0	0	0
0	0	0	0	0	0	0	23816738
403828	0	0	0	0	0	0	0
132962	0	0	0	0	0	0	0
0	0	0	9649778	0	0	0	0
0	0	0	0	0	0	0	10087230
0	0	0	93930	0	0	0	0
0	0	0	0	118766	0	0	0
0	0	0	0	0	0	0	9079802
114058	0	0	0	0	0	0	0
0	0	0	0	0	0	0	458354
0	0	0	0	88694	0	0	0
0	0	0	0	130922	0	0	0
102086	0	0	0	0	0	0	0
0	0	0	0	101114	0	0	0
93624	0	0	0	0	0	0	0
100970	0	0	0	0	0	0	0
0	0	0	0	133746	0	0	0
0	0	0	0	81650	0	0	0
0	0	0	0	2268794	0	0	0
0	0	0	0	73570	0	0	0
0	0	0	110590	0	0	0	0
1734182	0	0	0	0	0	0	0
157286	0	0	0	0	0	0	0
202278	0	0	0	0	0	0	0
0	0	0	0	166778	0	0	0
385104	0	0	0	0	0	0	0
0	0	0	0	245354	0	0	0
0	0	0	0	5294846	0	0	0
102224	0	0	0	0	0	0	0
0	0	0	81458	0	0	0	0
0	0	0	0	125666	0	0	0
135482	0	0	0	0	0	0	0
0	0	171746	0	0	0	0	0
0	0	0	0	93802	0	0	0
0	0	0	0	19861362	0	0	0
0	0	0	0	125666	0	0	0
0	0	0	93862	0	0	0	0
0	0	0	0	24418922	0	0	0
0	0	0	0	0	0	0	7388082
0	0	0	0	0	0	0	1473214
0	0	0	0	98026	0	0	0
0	0	0	0	0	0	0	5132006
137656	0	0	0	0	0	0	0
0	0	0	0	192226	0	0	0
197238	0	0	0	0	0	0	0
1904324	0	0	0	0	0	0	0
136716	0	0	0	0	0	0	0
94524	0	0	0	0	0	0	0
99250	0	0	0	0	0	0	0
0	0	0	0	76526	0	0	0
98304	0	0	0	0	0	0	0
0	0	72626	0	0	0	0	0
0	0	0	0	0	0	0	7102190
75934	0	0	0	0	0	0	0
0	0	0	0	94202	0	0	0
0	0	0	0	106090	0	0	0
100196	0	0	0	0	0	0	0
14483456	0	0	0	0	0	0	0
99866	0	0	0	0	0	0	0
0	0	0	0	49368678	0	0	11726694
0	0	0	0	1105534	0	0	0
77510	0	0	0	0	0	0	0
0	0	0	89006	0	0	0	0
0	0	0	0	125930	0	0	0
0	0	0	0	133730	0	0	0
0	0	0	97826	0	0	0	0
103976	0	0	0	0	0	0	0
168250	0	0	0	16358394	0	0	0
0	0	1239802	0	0	0	0	0
0	0	0	0	101346	0	0	0
166674	0	0	0	0	0	0	0
0	0	0	0	114286	0	0	0
0	0	0	0	105066	0	0	0
95154	0	0	0	0	0	0	0
0	0	0	0	101242	0	0	0
0	0	0	0	0	0	0	10456058
96100	0	0	0	0	0	0	745314
112168	0	0	0	0	0	0	0
0	0	0	0	285302	0	0	0
123512	0	0	0	0	0	0	0
0	0	0	0	110574	0	0	0
0	0	0	0	0	0	0	5130870
0	0	0	0	289642	0	0	0
0	0	129982	0	0	0	0	0
13729792	0	0	0	0	0	0	0
81920	0	0	0	0	0	0	0
0	0	0	224870	0	0	0	0
0	0	0	0	1285114	0	0	0
107758	0	0	0	0	0	0	0
317958	0	0	0	0	0	0	0
0	0	0	0	113526	0	0	0
0	0	0	0	0	0	0	6830898
4413596	0	0	0	0	0	0	0
0	0	0	154226	0	0	0	0
86960	0	0	0	0	0	0	0
0	0	150522	0	0	0	0	0
0	0	0	0	76414	0	0	0
239676	0	0	0	0	0	0	0
153964	0	0	0	0	0	0	88460282
86758	0	0	0	0	0	0	0
0	0	0	0	2169826	0	0	0
0	0	544738	0	0	0	0	0
0	0	0	69494	0	0	0	0
0	0	0	0	109294	0	0	0
0	0	0	0	211570	0	0	0
410232	0	0	0	0	0	0	0
0	0	0	0	134122	0	0	0
0	0	0	0	1182322	0	0	0
0	0	0	0	110462	0	0	0
155648	0	0	0	0	0	0	0
0	0	0	0	105066	0	0	0
0	0	0	630650	0	0	0	0
0	0	129970	0	0	0	0	0
0	0	0	0	113662	0	0	0
1845090	0	0	0	0	0	0	0
0	0	0	0	163702	0	0	0
0	0	0	0	93802	0	0	0
0	0	0	0	76414	0	0	0
137970	0	0	0	208762	0	0	0
0	5819246	0	0	0	0	0	0
0	0	0	5749298	0	0	0	0
132952	0	0	0	0	0	0	0
139850	0	0	0	0	0	0	0
0	0	0	0	109294	0	0	0
0	0	0	0	81894	0	0	0
0	0	0	0	92922	0	0	0
0	0	0	0	80610	0	0	0
0	0	0	0	163446	0	0	0
0	0	0	3206826	0	0	0	0
0	0	0	0	0	0	0	10887010
0	0	0	0	89830	0	0	0
0	0	0	514730	0	0	0	0
0	0	0	0	5077858	0	0	0
0	0	0	5054458	0	0	0	0
0	0	0	0	0	0	0	478202
17104896	0	0	0	0	0	0	0
0	0	0	0	0	0	0	3783358
0	0	0	0	97018	0	0	0
0	0	0	0	0	0	0	8010746
104106	0	0	0	0	0	0	0
0	0	0	0	69346	0	0	0
0	0	0	0	84982	0	0	0
0	0	0	139258	0	0	0	0
103976	0	0	0	0	0	0	0
0	0	0	0	134882	0	0	0
0	0	0	85550	0	0	0	0
0	0	0	0	0	0	0	3144382
0	0	0	0	84838	0	0	0
84442	0	0	0	0	0	0	1108602
0	0	0	0	81890	0	0	0
0	0	0	0	0	0	0	2161470
0	0	0	0	89974	0	0	0
0	0	0	85930	0	0	0	0
0	0	0	0	143338	0	0	0
0	0	0	0	105330	0	0	0
0	0	0	0	212590	0	0	0
0	0	0	0	219878	0	0	0
0	0	0	0	118654	0	0	0
166992	0	0	0	0	0	0	0
0	0	0	0	117750	0	0	0
134222	0	0	0	0	0	0	0
0	0	0	0	4009714	0	0	0
155016	0	0	0	0	0	0	0
0	0	0	0	172018	0	0	0
0	0	0	0	129778	0	0	0
0	0	0	0	171882	0	0	0
0	0	0	0	92922	0	0	0
159608	0	0	0	0	0	0	0
0	0	0	0	0	0	0	1245098
0	24296190	0	0	0	0	0	0
0	0	0	0	76774	0	0	0
0	0	0	0	125930	0	0	0
178422	0	0	0	0	0	0	0
250802	0	0	0	0	0	0	0
0	0	162494	0	0	0	0	0
0	0	0	0	80614	0	0	0
0	0	0	0	77806	0	0	0
0	0	0	0	89974	0	0	0
116580	0	0	0	0	0	0	0
0	0	0	0	0	0	0	314994
0	0	0	528126	0	0	0	0
0	0	0	0	94202	0	0	0
0	0	0	183282	0	0	0	0
172664	0	0	0	0	0	0	0
0	0	0	85810	0	0	0	0
92502	0	0	0	0	0	0	0
0	0	0	0	90086	0	0	0
2859244	0	0	0	0	0	0	0
0	0	0	0	93802	0	0	0
0	0	0	0	130658	0	0	0
87592	0	0	0	0	0	0	0
362488	0	0	0	0	0	0	0
0	0	85734	3168938	0	0	0	0
0	0	0	0	101242	0	0	0
0	0	0	0	1768290	0	0	0
0	0	0	0	163690	0	0	0
0	0	682938	0	0	0	0	0
0	0	0	0	102010	0	0	0
0	0	0	0	187374	0	0	0
0	0	0	1896126	0	0	0	0
0	0	0	0	113662	0	0	0
119158	0	0	0	0	0	0	0
0	0	0	0	113662	0	0	0
99088	0	0	0	0	0	0	0
0	0	0	187238	0	0	0	0
0	0	0	0	97018	0	0	0
0	0	0	0	0	0	0	388966
116336	0	0	0	0	0	0	0
82784	0	0	0	0	0	0	0
0	0	0	5000110	0	0	0	0
182254	0	0	0	0	0	0	0
0	0	0	0	121598	0	0	0
0	0	0	0	147426	0	0	0
0	0	0	150254	0	0	0	0
0	0	0	106042	0	0	0	0
102716	0	0	0	0	0	0	0
0	0	0	0	126706	0	0	0
112972	0	0	0	0	0	0	0
0	0	0	0	97018	0	0	0
0	5419006	0	0	0	0	0	0
0	0	0	0	84838	0	0	0
0	0	0	0	0	0	0	13666850
221380	0	0	0	0	0	0	0
0	0	273070	0	0	0	0	0
0	0	0	155370	0	0	0	0
0	0	0	0	158710	0	0	0
0	0	0	155562	0	0	0	57461370
0	0	0	0	139106	0	0	0
123548	0	0	0	0	0	0	0
95808	0	0	0	0	0	0	0
464992	0	0	0	0	0	0	0
0	0	0	170746	0	0	0	0
0	0	0	0	0	0	0	23247394
0	0	0	0	0	0	0	823014
0	0	0	0	97258	0	0	0
0	0	0	0	102010	0	0	0
101426	0	0	0	0	0	0	0
0	0	0	0	151142	0	0	0
0	0	0	0	113526	0	0	0
0	0	0	80686	0	0	0	0
0	0	0	0	163558	0	0	0
98774	0	0	0	0	0	0	0
0	0	0	0	98290	0	0	0
119730	0	0	0	0	0	0	0
0	0	0	0	102010	0	0	0
0	0	0	0	174714	0	0	0
0	0	0	0	0	0	0	314362
0	0	0	0	0	0	0	174626
96580	0	0	0	0	0	0	0
68686	0	0	0	0	0	0	0
0	0	0	0	0	0	0	6266410
0	0	0	0	179818	0	0	0
0	0	0	0	77558	0	0	0
96120	0	0	0	0	0	0	0
99400	0	0	0	0	0	0	0
184694	0	0	0	0	0	0	0
0	0	0	0	158710	0	0	0
91564	0	0	0	0	0	0	0
357470	0	0	0	0	0	0	0
0	0	0	0	81654	0	0	0
106106	0	0	0	0	0	0	0
167272	0	0	0	0	0	0	0
0	0	0	0	1747838	0	0	0
69924	0	0	0	0	0	0	0
0	0	0	0	3464046	0	0	0
0	0	184050	0	0	0	0	0
80516	0	0	0	0	0	0	0
0	0	0	0	163426	0	0	0
0	0	0	0	233082	0	0	0
0	4926254	0	0	0	0	0	0
0	0	0	0	2612078	0	0	0
93894	0	0	0	0	0	0	0
7706910	0	0	0	0	0	0	0
0	0	0	0	1281658	0	0	0
0	0	0	0	0	0	0	9157310
0	0	0	0	77430	0	0	0
0	0	0	0	88942	0	0	0
0	0	0	69494	0	0	0	0
117210	0	0	0	0	0	0	0
0	0	0	0	96874	0	0	0
0	0	0	94202	0	0	0	0
0	0	0	0	188142	0	0	0
0	0	0	0	0	0	0	364386
122294	0	0	0	0	0	0	0
91374	0	0	0	0	0	0	0
0	0	0	0	0	0	0	20385510
0	0	0	0	92922	0	0	0
99880	0	0	0	0	0	0	0
0	0	0	0	0	0	0	1821218
0	0	0	0	134882	0	0	0
0	0	0	88686	0	0	0	0
115394	0	0	0	0	0	0	0
0	0	0	0	94178	0	0	0
0	0	0	121646	0	0	0	0
0	2796078	0	0	0	0	0	0
0	0	0	0	0	0	0	20720634
0	0	0	0	221046	0	0	0
0	0	0	0	97018	0	0	0
106732	0	0	0	0	0	0	0
0	0	0	0	90086	0	0	0
0	0	0	0	560762	0	0	0
0	0	0	0	92786	0	0	0
81290	0	0	0	0	0	0	0
0	0	0	0	88694	0	0	0
0	0	0	0	0	0	0	884650
0	0	0	0	117614	0	0	0
102086	0	0	0	0	0	0	0
0	0	0	0	0	0	0	596914
105046	0	0	0	0	0	0	0
0	0	0	106302	0	0	0	0
115320	0	0	0	0	0	0	0
0	0	0	0	76390	0	0	0
0	0	0	97830	0	0	0	0
0	0	0	0	106090	0	0	0
421258	0	0	0	0	0	0	0
0	4418222	0	0	0	0	0	0
0	0	233202	0	0	0	0	13635498
104292	0	0	0	0	0	0	0
0	0	0	0	155510	0	0	0
4627534	0	0	0	0	0	0	0
0	0	0	0	1474422	0	0	0
151766	0	0	0	0	0	0	0
0	0	0	97830	0	0	0	0
0	0	0	0	0	0	0	8870590
0	0	0	102182	0	0	0	0
0	0	0	141942	0	0	0	0
107242	0	0	0	0	0	0	0
0	0	0	0	0	0	0	834358
0	0	0	0	81894	0	0	0
502024	0	0	0	0	0	0	0
4108700	0	0	0	0	0	0	0
0	0	0	142070	0	0	0	0
0	0	0	105342	0	0	0	0
0	0	0	0	0	0	0	1387126
0	0	0	2714366	0	0	0	0
114688	0	0	0	0	0	0	0
111004	0	0	0	0	0	0	0
0	0	0	0	94066	0	0	0
76880	0	0	0	0	0	0	0
72436	0	0	0	0	0	0	0
8020914	0	0	0	0	0	0	0
114768	0	0	0	0	0	0	0
0	0	0	0	93034	0	0	0
0	126702	0	0	0	0	0	0
0	0	0	0	158570	0	0	0
0	0	0	76526	0	0	0	0
0	0	0	0	110574	0	0	0
70240	0	0	0	0	0	0	0
0	0	0	0	314982	0	0	0
81530	0	0	0	0	0	0	0
322978	0	0	0	0	0	0	0
0	0	0	0	93802	0	0	0
0	0	0	0	215678	0	0	0
0	0	0	0	0	0	0	9133606
0	0	0	0	106482	0	0	0
0	0	0	0	135026	0	0	0
115634	0	0	0	0	0	0	0
0	0	0	0	171770	0	0	0
0	0	0	0	134882	0	0	0
89682	0	0	0	0	0	0	0
0	0	0	0	158570	0	0	0
0	0	0	80810	0	0	0	0
115950	0	0	0	0	0	0	0
0	0	0	0	0	0	0	11762482
202878	0	0	0	0	0	0	0
130442	0	0	0	0	0	0	0
0	0	0	0	88942	0	0	0
0	0	0	89762	0	0	0	0
0	0	0	0	89830	0	0	0
0	0	0	0	94178	0	0	0
0	0	0	0	12098554	0	0	0
119470	0	0	0	0	0	0	0
0	0	0	0	536418	0	0	0
0	0	0	85930	0	0	0	0
0	0	0	13015614	0	0	0	0
0	0	0	0	72290	0	0	0
0	0	0	0	0	0	0	6299246
68686	0	0	0	0	0	0	0
156278	0	0	0	0	0	0	0
96730	0	0	0	0	0	0	0
0	0	0	0	0	0	0	5901862
0	0	0	0	0	0	0	547518
83096	0	0	0	0	0	0	0
80660	0	0	0	0	0	0	0
2362130	0	0	0	0	0	0	0
0	0	0	0	0	0	0	11770674
0	0	0	0	93174	0	0	0
0	0	0	0	105058	0	0	0
0	0	0	0	0	0	0	1059834
0	0	0	134710	0	0	0	0
92634	0	0	0	0	0	0	8474470
132326	0	0	0	0	0	0	0
0	0	0	0	118510	0	0	0
0	0	0	0	207730	0	0	69910130
0	0	0	84910	0	0	0	2636478
0	0	0	0	0	0	0	8392422
0	0	0	0	97254	0	0	0
0	0	0	0	106090	0	0	0
102086	0	0	0	0	0	0	0
0	0	0	0	101354	0	0	0
0	0	0	0	130682	0	0	0
0	0	0	0	81762	0	0	0
109124	0	0	0	0	0	0	0
189744	0	0	0	0	0	0	0
2197806	0	0	0	0	0	0	0
0	0	0	0	0	0	0	8830502
93444	0	0	0	0	0	0	0
0	0	0	178806	0	0	0	0
0	0	0	106274	0	0	0	0
0	10152942	0	0	0	0	0	0
0	0	0	0	0	0	0	1998378
0	0	0	0	0	0	0	4222694
0	0	0	0	0	0	0	1022582
97044	0	0	0	0	0	0	0
113514	0	0	0	0	0	0	0
0	0	0	0	97254	0	0	0
0	0	0	0	126946	0	0	0
247650	0	0	0	0	0	0	0
0	0	0	0	97914	0	0	0
85072	0	0	0	0	0	0	0
156908	0	0	0	0	0	0	0
0	0	0	88954	0	0	0	0
68058	0	0	0	0	0	0	0
85072	20413310	0	0	0	0	0	0
0	0	0	0	76774	0	0	0
0	0	0	0	162410	0	0	0
0	0	0	0	2689770	0	0	0
159430	0	0	0	0	0	0	0
1277320	0	0	0	0	0	0	0
0	0	0	0	0	0	0	20848554
0	0	0	0	98026	0	0	0
0	0	0	0	130658	0	0	0
0	0	0	0	0	0	0	2828918
96894	0	0	0	0	0	0	0
0	0	0	0	0	0	0	20687394
143044	0	0	0	0	0	0	0
83810	0	0	0	0	0	0	0
0	0	0	138814	0	0	0	0
0	0	0	0	134882	0	0	0
0	0	0	10296242	0	0	0	0
214166	0	0	0	0	0	0	0
84756	0	0	0	0	0	0	0
0	0	0	0	77558	0	0	0
74276	0	0	0	0	0	0	0
0	0	0	0	0	0	0	817854
0	0	0	0	167546	0	0	0
125402	0	0	0	0	0	0	0
91688	0	0	0	0	0	0	0
0	0	0	0	97258	0	0	0
0	0	0	0	106346	0	0	0
140526	0	0	0	0	0	0	0
0	0	0	0	146282	0	0	0
80030	0	0	0	0	0	0	0
0	0	0	0	97018	0	0	0
0	4480574	0	0	0	0	0	0
0	0	0	0	1645154	0	0	0
0	0	0	125482	0	0	0	0
0	0	0	105018	0	0	0	0
0	0	0	0	101114	0	0	0
76880	0	0	0	0	0	0	0
0	0	0	129590	0	0	0	0
0	0	0	0	133730	0	0	0
0	0	0	0	0	0	0	6655726
105866	0	0	0	0	0	0	0
110908	0	0	0	0	0	0	0
0	0	0	0	0	0	0	1223290
0	0	0	0	176106	0	0	0
130446	0	0	0	0	0	0	0
0	0	0	0	1351290	0	0	0
0	0	0	133666	0	0	0	0
0	0	0	0	85750	0	0	0
0	0	0	0	315262	0	0	0
91374	0	0	0	0	0	0	0
116580	0	0	0	0	0	0	0
0	0	0	166434	0	0	0	0
94524	0	0	0	0	0	0	0
0	0	0	1302270	0	0	0	0
91876	0	0	0	0	0	0	0
0	0	0	0	356342	0	0	0
0	0	0	0	105466	0	0	0
0	0	0	0	137970	0	0	0
99566	0	0	0	0	0	0	0
0	0	0	0	81514	0	0	102046398
140792	0	0	0	0	0	0	0
130128	0	0	0	0	0	0	0
0	0	0	0	0	0	0	1293234
0	0	0	85750	0	0	0	0
0	0	0	133674	0	0	0	0
0	0	0	0	212586	0	0	0
0	0	0	0	138098	0	0	0
0	0	0	101154	0	0	0	0
161950	0	0	0	0	0	0	0
0	0	0	0	117374	0	0	0
0	0	0	0	81766	0	0	0
19254036	0	0	0	0	0	0	0
196296	0	0	0	0	0	0	0
0	0	0	0	100978	0	0	0
173090	0	0	0	0	0	0	0
7801918	0	0	0	0	0	0	0
0	0	0	92846	0	0	0	0
182812	0	0	0	0	0	0	0
0	0	0	0	249446	0	0	0
0	0	0	294446	0	0	0	323430
0	0	0	0	88694	0	0	0
149258	0	0	0	0	0	0	0
0	0	0	0	125554	0	0	0
0	0	0	0	139002	0	0	0
0	0	0	0	0	0	0	2109158
0	0	0	0	102250	0	0	0
0	0	0	118318	0	0	0	0
0	0	0	0	1806186	0	0	0
0	0	0	0	113662	0	0	0
131072	0	0	0	0	0	0	0
175182	0	0	0	0	0	0	0
0	0	0	0	93162	0	0	0
0	0	0	383978	0	0	0	0
0	0	0	0	129890	0	0	0
74358	0	0	0	0	0	0	0
102716	0	0	0	0	0	0	0
8401840	0	0	0	0	0	0	0
0	0	0	0	143090	0	0	0
144934	0	0	0	0	0	0	0
0	658286	0	0	0	0	0	0
0	0	0	175094	0	0	0	0
0	0	0	0	118510	0	0	0
0	0	0	0	498282	0	0	0
0	0	0	0	101242	0	0	0
0	0	0	0	113518	0	0	0
0	0	0	0	139250	0	0	0
0	0	0	0	77558	0	0	0
133580	0	0	0	0	0	0	0
359978	0	0	0	0	0	0	0
158168	0	0	0	0	0	0	0
0	0	0	0	170602	0	0	0
0	0	0	129974	0	0	0	0
0	0	0	0	0	0	0	584226
128238	0	0	0	0	0	0	0
0	0	0	0	0	0	0	23943994
1705190	0	0	0	0	0	0	0
0	0	0	0	1371874	0	0	0
0	0	0	0	17776374	0	0	0
0	0	0	0	89726	0	0	0
88222	0	0	0	0	0	0	0
106614	0	0	0	0	0	0	0
102400	0	0	0	0	0	0	0
0	0	80890	0	0	0	0	0
0	0	0	0	146290	0	0	0
0	0	0	0	1440498	0	0	0
0	0	0	0	77670	0	0	0
10763342	0	0	0	0	0	0	0
0	0	0	0	151286	0	0	0
0	0	0	0	0	0	0	25603938
0	0	0	0	81766	0	0	0
0	0	0	0	0	0	0	236466
0	0	0	126634	0	0	0	0
0	0	0	12479206	0	0	0	0
0	0	0	117758	0	0	0	0
0	0	0	0	126946	0	0	0
0	0	0	125858	0	0	0	0
81140	0	0	0	0	0	0	0
102716	0	0	0	0	0	0	0
0	0	0	0	97262	0	0	0
0	0	0	0	94202	0	0	0
0	0	0	0	93802	0	0	0
0	0	0	0	166890	0	0	0
0	0	0	540274	0	0	0	0
75884	0	0	0	0	0	0	0
0	0	0	0	93802	0	0	0
0	0	0	0	133730	0	0	0
0	0	0	0	118766	0	0	0
0	0	0	0	93034	0	0	0
0	0	0	0	191090	0	0	0
524288	0	0	0	0	0	0	0
0	0	0	0	166514	0	0	0
86332	0	0	0	0	0	0	0
0	0	0	0	101114	0	0	0
92818	0	0	0	0	0	0	0
0	0	0	109366	0	0	0	0
105866	0	0	0	0	0	0	0
0	0	0	0	154606	0	0	0
171402	0	0	0	0	0	0	0
93264	0	0	0	0	0	0	0
137688	0	0	0	0	0	0	0
0	0	0	0	6577790	0	0	0
0	0	0	0	81650	0	0	0
0	0	0	0	1755902	0	0	0
0	0	0	0	0	0	0	577138
3340446	0	0	0	0	0	0	0
0	0	0	0	0	0	0	3288686
0	0	0	0	150518	0	0	0
2961722	0	0	0	0	0	0	0
0	0	0	207478	0	0	0	0
84038	0	0	0	0	0	0	0
0	0	0	0	109294	0	0	0
0	0	0	0	192370	0	0	0
4119314	0	0	0	0	0	0	0
0	0	0	17869622	0	0	0	0
0	0	0	0	0	0	0	76794
0	0	0	0	135026	0	0	0
0	0	0	0	84982	0	0	0
0	0	0	162726	0	0	0	0
138596	0	0	0	0	0	0	0
149258	0	0	0	0	0	0	0
126996	0	0	0	0	0	0	0
77510	0	0	0	0	0	0	0
0	0	0	102182	0	0	0	0
0	0	0	0	0	0	0	850622
139850	0	0	0	0	0	0	0
124770	0	0	0	0	0	0	0
0	0	0	0	142306	0	0	0
133592	0	0	0	0	0	0	0
0	0	0	0	97258	0	0	0
0	0	400378	233278	0	0	0	0
0	0	0	81526	0	0	0	0
0	0	0	0	122606	0	0	0
141154	0	0	0	0	0	0	0
122250	0	0	0	0	0	0	0
0	0	0	146290	0	0	0	0
15610172	0	0	0	0	0	0	0
0	0	0	0	84982	0	0	0
93894	0	0	0	0	0	0	0
0	0	0	0	0	0	0	80702
0	0	0	0	89974	0	0	0
0	0	0	0	97122	0	0	0
0	0	0	0	2059878	0	0	0
74314	0	0	0	0	0	0	0
0	0	0	0	147298	0	0	0
0	0	204514	0	0	0	0	0
7071902	0	0	0	0	0	0	0
7697330	0	0	0	0	0	0	0
0	25848622	0	0	0	0	0	0
0	0	101026	0	0	0	0	0
139264	0	0	0	0	0	0	0
78454	0	0	0	0	0	0	0
0	0	0	0	158318	0	0	0
0	0	0	0	129778	0	0	0
0	0	0	0	102390	0	0	0
0	0	0	4484722	0	0	0	0
0	0	0	133994	0	0	0	0
0	0	0	121590	0	0	0	0
0	0	0	0	134882	0	0	0
0	0	0	102182	0	0	0	0
0	0	0	0	0	0	0	405030
0	0	0	77742	0	0	0	0
0	0	0	0	80758	0	0	0
92634	0	0	0	0	0	0	0
115634	0	0	0	0	0	0	0
86016	0	0	0	0	0	0	0
0	0	0	85870	0	0	0	0
112798	0	0	0	0	0	0	0
0	0	0	0	76522	0	0	0
388176	0	0	0	0	0	0	0
0	0	0	0	101114	0	0	0
163208	0	0	0	0	0	0	0
0	0	0	0	0	0	0	13266542
0	0	0	0	85750	0	0	0
0	0	0	0	130658	0	0	0
124772	0	0	0	0	0	0	0
0	0	0	100898	0	0	0	0
0	0	0	0	797666	0	0	0
0	0	0	0	98170	0	0	0
2048316	0	0	0	0	0	0	0
132962	0	0	0	0	0	0	0
0	0	0	0	134122	0	0	0
74360	0	0	0	0	0	0	0
0	0	0	0	106234	0	0	0
0	0	0	122722	0	0	0	0
139264	0	0	0	0	0	0	0
0	0	0	0	88694	0	0	0
0	0	0	264738	0	0	0	0
126662	0	0	0	0	0	0	0
101456	0	0	0	0	0	0	0
0	0	0	0	106090	0	0	0
0	0	0	0	18771826	0	0	0
0	0	0	0	76406	0	0	0
0	0	0	0	2132970	0	0	0
72468	0	0	0	0	0	0	0
0	0	0	0	88806	0	0	0
0	0	0	0	93178	0	0	0
0	0	0	0	420710	0	0	0
0	0	0	0	105066	0	0	0
0	0	0	0	110438	0	0	0
0	0	0	0	88694	0	0	0
122250	0	0	0	0	0	0	0
0	0	0	0	216678	0	0	0
148004	0	0	0	0	0	0	0
88740	0	0	0	0	0	0	0
0	0	0	182898	0	0	0	0
0	0	0	0	84846	0	0	0
0	0	0	118450	0	0	0	0
0	0	0	0	80758	0	0	0
0	0	0	0	109182	0	0	0
0	0	0	0	88694	0	0	0
0	0	0	596922	0	0	0	0
161320	0	0	0	0	0	0	0
0	0	0	0	101242	0	0	0
148086	0	0	0	0	0	0	0
149976	0	0	0	0	0	0	0
0	0	0	80826	0	0	0	0
0	0	0	0	171882	0	0	0
0	0	0	0	73570	0	0	0
93894	0	0	0	0	0	0	0
0	0	0	0	122878	0	0	0
0	0	0	0	12233598	0	0	12258106
0	0	0	0	90086	0	0	0
0	0	0	0	6949490	0	0	0
0	0	0	0	887786	0	0	0
71206	0	0	0	0	0	0	0
0	0	0	0	84838	0	0	0
0	0	0	0	114662	0	0	0
0	0	0	0	77558	0	0	0
0	0	0	0	118758	0	0	0
0	0	0	0	0	0	0	12525414
0	0	0	0	93178	0	0	0
0	0	0	0	248446	0	0	0
133592	0	0	0	0	0	0	0
0	0	0	0	85618	0	0	0
0	0	0	0	89718	0	0	0
0	0	0	0	0	0	0	265210
0	0	184290	0	0	0	0	0
0	0	0	0	106346	0	0	0
240090	147182	0	0	0	0	0	0
0	0	0	0	155622	0	0	0
0	0	0	0	0	0	0	1052514
114058	0	0	0	0	0	0	0
127292	0	0	0	0	0	0	0
98304	0	0	0	0	0	0	0
85072	0	0	0	0	0	0	0
0	0	0	158690	0	0	0	0
0	0	0	0	0	0	0	769574
13979016	0	0	0	0	0	0	0
0	0	0	0	135026	0	0	0
0	0	0	0	126970	0	0	0
0	0	0	0	0	0	0	1129266
0	0	0	0	89830	0	0	0
76880	0	0	51871398	0	0	0	0
0	0	0	0	113662	0	0	0
0	0	0	0	100962	0	0	0
0	0	0	0	85750	0	0	0
0	0	0	0	106090	0	0	0
0	0	0	0	224874	0	0	0
0	0	0	0	97914	0	0	0
68058	0	0	0	0	0	0	0
0	0	0	0	76658	0	0	0
175286	0	0	0	0	0	0	0
0	0	0	105210	0	0	0	0
0	0	0	0	176110	0	0	0
0	0	0	0	171770	0	0	0
5019804	0	0	0	0	0	0	0
0	0	0	0	113662	0	0	0
0	0	0	0	98154	0	0	0
0	0	0	281442	0	0	0	0
0	0	0	0	184190	0	0	0
0	0	0	2256870	0	0	0	0
0	0	0	0	154366	0	0	0
144936	0	0	0	0	0	0	0
0	0	0	0	96874	0	0	0
81288	0	0	0	0	0	0	0
0	0	0	73662	0	0	0	0
103976	0	0	0	0	0	0	0
0	0	0	0	113382	0	0	0
140524	0	0	0	0	0	0	0
0	0	0	0	282214	0	0	0
0	0	0	0	126974	0	0	0
0	0	0	0	110570	0	0	0
0	0	0	96890	0	0	0	0
0	0	0	0	150518	0	0	0
0	0	0	2959990	0	0	0	0
0	0	0	0	114418	0	0	0
1808980	0	0	0	0	0	0	0
0	0	0	0	101354	0	0	0
0	0	0	0	0	0	0	4157166
0	0	0	0	0	0	0	191098
0	10895166	0	0	0	0	0	0
80516	0	0	0	0	0	0	0
0	0	0	0	0	0	0	138790
1343330	0	0	0	0	0	0	0
0	10648446	0	0	0	0	0	0
0	0	0	658366	0	0	0	0
0	0	0	216750	0	0	0	0
0	0	0	0	162686	0	0	0
132632	0	0	0	0	0	0	0
0	0	0	73402	0	0	0	0
0	0	0	76582	0	0	0	0
97044	0	0	0	0	0	0	0
351626	0	0	0	0	0	0	0
0	0	0	0	0	0	0	10763070
0	0	0	0	0	0	0	1007550
7994766	0	0	0	0	0	0	0
0	0	0	0	114430	0	0	0
0	0	0	0	0	0	0	23445350
85072	0	0	0	0	0	0	0
0	0	0	0	0	0	0	400306
0	0	0	0	0	0	0	4877306
0	0	0	0	125554	0	0	0
0	0	0	0	90086	0	0	0
0	0	0	0	146146	0	0	0
24270268	0	0	0	0	0	0	0
0	0	0	0	1694702	0	0	0
0	0	0	0	130658	0	0	0
87800	0	0	0	0	0	0	0
0	0	0	0	98154	0	0	0
328310	0	0	0	0	0	0	0
92190	0	0	0	0	0	0	0
0	0	150254	0	0	0	0	0
0	0	0	0	0	0	0	3025442
0	0	0	0	122742	0	0	0
196608	0	0	0	0	0	0	0
0	0	0	0	85750	0	0	0
0	0	0	0	109294	0	0	0
0	0	0	88614	0	0	0	0
0	0	0	0	0	0	0	3734326
0	20306686	0	0	0	0	0	0
0	0	76734	0	0	0	0	0
0	0	0	0	154230	0	0	0
160862	0	0	0	0	0	0	0
0	0	0	0	0	0	0	1298034
107126	0	0	0	0	0	0	0
0	0	0	0	122878	0	0	0
0	0	0	0	183286	0	0	0
0	0	0	0	109182	0	0	0
0	0	0	0	151286	0	0	0
134222	0	0	0	0	0	0	0
126996	0	0	0	0	0	0	0
0	0	0	0	105066	0	0	0
0	0	0	0	0	0	0	1255970
24925002	0	0	0	0	0	0	0
105360	0	0	0	0	0	0	0
69298	0	0	0	0	0	0	0
0	3587822	0	0	0	0	0	0
0	0	0	0	0	0	0	14478258
0	0	0	0	101114	0	0	0
0	0	0	80506	0	0	0	0
148320	0	0	0	0	0	0	0
0	0	0	0	134010	0	0	0
0	0	0	113526	0	0	0	0
0	0	0	0	0	0	0	9829174
0	0	0	0	0	0	0	23707178
0	0	0	0	135026	0	0	0
0	0	0	0	73714	0	0	0
0	0	0	0	20602598	0	0	0
0	0	0	0	170978	0	0	0
0	0	0	0	98026	0	0	0
0	0	0	0	0	0	0	159342
0	0	0	0	109294	0	0	0
96580	0	0	0	0	0	0	0
0	0	0	0	142306	0	0	0
0	0	0	0	0	0	0	1937126
164310	0	0	0	0	0	0	0
0	0	0	0	162554	0	0	0
0	0	0	0	73570	0	0	0
0	0	0	0	4008826	0	0	0
0	0	0	0	174830	0	0	0
0	0	0	159718	0	0	0	0
0	0	0	0	0	0	0	843618
0	0	0	0	176110	0	0	0
0	0	0	0	133746	0	0	0
0	0	0	0	158570	0	0	0
0	0	0	0	93802	0	0	0
124802	0	0	0	0	0	0	0
0	0	0	72250	0	0	0	0
97834	0	0	0	0	0	0	0
125086	0	0	0	0	0	0	0
0	0	0	0	105466	0	0	0
0	0	0	0	126690	0	0	0
0	0	0	122622	0	0	0	0
0	0	0	0	84982	0	0	0
96730	0	0	0	0	0	0	0
0	0	0	0	80758	0	0	0
143044	0	0	0	0	0	0	0
114140	0	0	0	0	0	0	0
0	0	0	0	88694	0	0	0
207268	0	0	0	0	0	0	0
75618	0	0	0	0	0	0	0
0	0	0	0	106090	0	0	0
0	0	0	0	94202	0	0	0
168700	0	0	0	0	0	0	0
104234	0	0	0	0	0	0	0
0	0	0	0	113662	0	0	0
119730	0	0	0	0	0	0	0
75620	0	0	0	0	0	0	0
104234	0	0	0	0	0	0	0
0	0	0	0	84838	0	0	0
0	0	0	21114790	0	0	0	0
0	0	0	0	126690	0	0	0
0	0	0	0	106482	0	0	0
128250	0	0	0	0	0	0	0
0	0	0	0	106090	0	0	0
0	0	0	97022	0	0	0	0
0	0	0	0	88694	0	0	0
13169602	0	0	0	0	0	0	0
199116	0	0	0	0	0	0	0
0	0	0	0	0	0	0	7060278
78140	0	0	0	0	0	0	0
0	0	0	0	125690	0	0	0
0	0	0	0	179822	0	0	0
0	0	0	0	77666	0	0	0
0	0	0	0	77558	0	0	0
0	0	0	0	89830	0	0	0
77450	0	0	0	0	0	0	0
0	0	0	0	147426	0	0	0
0	0	0	0	944886	0	0	0
0	0	0	0	0	0	0	158642
197548	0	0	0	0	0	0	0
2000888	0	0	0	0	0	0	0
0	0	0	0	94066	0	0	0
113200	0	0	0	0	0	0	0
94072	0	0	0	0	0	0	0
0	0	0	0	188390	0	0	0
159922	0	0	0	0	0	0	0
117210	0	0	0	0	0	0	0
0	0	0	110194	0	0	0	0
0	0	0	2022002	0	0	0	0
90744	0	0	0	0	0	0	0
0	0	0	0	81654	0	0	0
0	0	0	0	125666	0	0	0
81920	0	0	0	0	0	0	0
0	0	0	24354490	0	0	0	0
0	0	0	241386	0	0	0	0
0	0	0	81590	0	0	0	0
78770	0	0	0	0	0	0	0
0	0	0	0	126570	0	0	0
0	0	0	18128438	97258	0	0	0
0	0	0	0	0	0	0	14520046
0	0	0	0	0	0	0	682806
0	0	72674	0	0	0	0	0
92634	0	0	0	0	0	0	0
0	0	0	0	117374	0	0	0
964136	0	0	0	0	0	0	0
0	0	0	0	0	0	0	5013106
0	0	0	0	0	0	0	5909026
409600	0	0	0	0	0	0	0
371162	0	0	0	0	0	0	0
0	0	0	84834	0	0	0	0
73728	0	0	0	0	0	0	0
0	0	0	69414	0	0	0	0
0	0	0	97010	0	0	0	0
115950	0	0	0	0	0	0	0
0	0	0	0	162790	0	0	0
0	0	0	72306	0	0	0	0
0	0	0	0	0	0	0	569330
0	0	0	170810	0	0	0	0
0	0	0	0	94198	0	0	0
74360	0	0	0	0	0	0	0
0	0	0	2330406	0	0	0	0
0	0	0	0	162658	0	0	0
59819246	0	0	0	93938	0	0	0
0	0	0	0	13712098	0	0	13736754
0	0	0	2145210	0	0	0	0
0	0	0	0	143202	0	0	0
0	0	0	88698	0	0	0	0
0	0	0	0	474866	0	0	58968698
0	0	68594	0	0	0	0	0
0	0	0	102182	0	0	0	0
0	2935342	0	0	0	0	0	0
83812	0	0	0	0	0	0	0
0	0	0	0	81766	0	0	0
0	0	0	642994	0	0	0	0
0	0	77802	0	0	0	0	0
163840	0	0	0	0	0	0	0
0	3607086	0	0	0	0	0	0
0	0	0	0	114430	0	0	0
104606	0	0	0	0	0	0	0
0	0	0	0	89726	0	0	0
0	0	0	0	171882	0	0	0
0	0	0	0	269170	0	0	0
134222	0	0	0	0	0	0	0
0	0	0	0	94202	0	0	0
78770	0	0	0	0	0	0	0
0	0	0	98174	0	0	0	0
0	0	0	186994	0	0	0	0
0	0	0	0	0	0	0	780922
0	0	0	21883434	0	0	0	0
0	1232638	0	0	0	0	0	0
0	0	0	0	85606	0	0	0
0	0	0	0	121598	0	0	0
0	0	0	0	101098	0	0	0
0	0	84990	0	0	0	0	0
0	0	0	0	0	0	0	4959926
0	0	0	0	88806	0	0	0
124142	0	0	0	0	0	0	0
0	0	0	0	0	0	0	274110
0	0	0	0	102114	0	0	0
0	0	0	0	125666	0	0	0
0	0	0	0	0	0	0	13282998
0	0	0	0	94202	0	0	0
0	0	0	0	97914	0	0	0
0	0	0	0	7982974	0	0	0
0	0	0	0	113382	0	0	0
0	0	0	0	113518	0	0	0
13486554	0	0	0	0	0	0	0
98936	0	0	0	0	0	0	0
0	0	0	0	126706	0	0	0
0	0	0	0	93162	0	0	0
86646	0	0	0	0	0	0	0
0	0	0	0	0	0	0	11467454
0	0	73718	0	0	0	0	0
0	0	0	0	139106	0	0	0
67112	0	0	0	0	0	0	0
0	0	0	90106	0	0	0	0
0	0	0	0	89974	0	0	0
0	0	0	0	0	0	0	4001634
0	0	0	0	114286	0	0	0
71836	0	0	0	0	0	0	0
0	0	0	0	88694	0	0	0
0	0	0	5652150	0	0	0	0
0	0	0	0	139250	0	0	0
0	0	0	0	113518	0	0	0
0	0	0	0	4603746	0	0	0
0	0	0	0	0	0	0	7896618
0	0	0	0	0	0	0	2407978
83182	0	0	0	0	0	0	0
0	0	0	0	102250	0	0	0
0	0	0	0	97266	0	0	0
0	0	0	0	0	0	0	4304566
0	0	0	0	109158	0	0	0
0	0	0	0	80614	0	0	0
161950	0	0	0	0	0	0	0
0	0	0	0	7854846	0	0	0
0	0	0	0	0	0	0	4266738
0	0	0	0	219766	0	0	0
0	0	0	0	125666	0	0	0
0	0	0	0	138858	0	0	0
294598	0	0	0	0	0	0	121793142
0	0	0	0	0	0	0	10636910
0	0	0	0	98022	0	0	0
0	0	0	0	0	0	0	720814
79086	0	0	0	0	0	0	0
0	0	0	0	89974	0	0	0
0	0	0	0	93034	0	0	0
0	0	0	0	0	0	0	26126882
0	13261822	0	0	0	0	0	0
0	0	0	0	3489522	0	0	0
97674	0	0	0	0	0	0	0
0	0	0	0	0	0	0	1838822
0	0	0	84966	0	0	0	0
0	0	0	76330	0	0	0	0
79716	0	0	0	0	0	0	0
0	0	0	0	98170	0	0	0
0	0	0	0	142962	0	0	0
0	0	0	0	85606	0	0	0
0	0	0	0	0	0	0	3877882
0	0	0	0	0	0	0	6863606
0	0	0	0	0	0	0	13655594
0	0	0	0	98022	0	0	0
0	0	0	0	162554	0	0	0
255214	0	0	0	0	0	0	0
0	0	0	0	3263230	0	0	0
0	0	0	0	106346	0	0	0
0	0	0	0	73570	0	0	0
107758	0	0	0	0	0	0	0
0	0	0	0	3870578	0	0	0
0	0	0	0	113382	0	0	0
0	0	0	68142	0	0	0	0
0	0	0	0	81654	0	0	0
0	0	0	0	3705826	0	0	0
81920	0	0	0	0	0	0	0
0	0	0	0	133746	0	0	0
0	0	0	0	0	0	0	9866862
74990	0	0	0	0	0	0	0
0	0	0	0	88694	0	0	0
0	0	0	0	100978	0	0	0
0	0	0	0	125666	0	0	0
109648	0	0	0	0	0	0	0
0	0	0	0	81650	0	0	0
0	0	0	0	80614	0	0	0
118470	0	0	0	0	0	0	0
0	0	0	0	0	0	0	2284154
0	0	0	0	105466	0	0	0
0	0	0	0	98154	0	0	0
6820784	0	0	0	0	0	0	0
0	0	0	0	98170	0	0	0
89482	0	0	0	0	0	0	0
74360	0	0	0	0	0	0	0
0	0	0	0	101114	0	0	0
0	0	0	0	118654	0	0	0
126346	0	0	0	0	0	0	0
0	0	0	0	110574	0	0	0
0	0	0	0	133746	0	0	0
0	0	0	0	0	0	0	2017826
0	0	0	9349942	0	0	0	0
0	0	0	0	97266	0	0	0
92818	0	0	0	0	0	0	0
133580	0	0	0	0	0	0	0
0	0	0	0	1268342	0	0	0
0	0	0	0	572414	0	0	0
167446	0	0	0	0	0	0	0
0	0	0	93930	0	0	0	0
0	0	0	0	126702	0	0	0
129818	0	0	0	0	0	0	0
106182	0	0	0	0	0	0	0
190938	0	0	0	0	0	0	0
0	0	0	0	106482	0	0	0
0	0	0	0	1851362	0	0	0
0	0	0	0	88694	0	0	0
0	0	0	0	122494	0	0	0
0	0	0	0	130034	0	0	0
0	0	0	192114	0	0	0	0
0	0	0	0	118510	0	0	0
1787972	0	0	0	0	0	0	0
123512	0	0	0	0	0	0	0
0	0	0	0	232186	0	0	0
0	0	0	0	142962	0	0	0
7217152	0	0	0	0	0	0	0
0	0	0	84530	0	0	0	0
0	0	0	102114	0	0	0	0
0	0	0	0	93922	0	0	0
0	0	0	0	174970	0	0	0
138318	0	0	0	0	0	0	0
0	0	0	0	11325310	0	0	0
0	0	0	0	102114	0	0	0
0	0	0	89006	0	0	0	0
0	0	0	1015650	1006198	0	0	0
0	0	0	0	88694	0	0	0
90192	0	0	0	0	0	0	0
0	0	0	0	3559294	0	0	0
74900	0	0	0	0	0	0	0
1535234	0	0	0	0	0	0	0
0	0	0	0	106234	0	0	0
0	0	0	2248686	0	0	0	0
10334304	0	0	0	0	0	0	0
0	0	0	0	643054	0	0	0
0	0	0	0	110574	0	0	0
0	0	0	0	93034	0	0	0
0	0	0	0	0	0	0	20179890
0	0	0	0	84982	0	0	0
0	0	0	0	138858	0	0	0
5951234	0	0	0	0	0	0	0
148630	0	0	0	0	0	0	129949414
0	0	0	0	0	0	0	343034
237252	0	0	0	0	0	0	0
0	0	0	0	129890	0	0	0
149032	0	0	0	0	0	0	0
0	0	0	0	93802	0	0	0
111632	0	0	0	0	0	0	0
0	0	0	0	97018	0	0	0
0	0	0	0	92922	0	0	0
99250	0	0	0	0	0	0	0
0	0	0	0	88694	0	0	0
0	0	0	0	782066	0	0	0
0	0	0	0	0	0	0	809662
0	0	0	0	101114	0	0	0
0	0	0	0	101354	0	0	0
97044	0	0	0	0	0	0	0
0	0	0	180150	0	0	0	0
0	0	0	0	126946	0	0	0
0	0	0	0	0	0	0	10432042
0	0	0	0	0	0	0	187942
0	0	0	0	0	0	0	481982
0	0	0	0	2767734	0	0	0
89054	0	0	0	0	0	0	0
90742	0	0	0	0	0	0	0
0	0	0	0	2457206	0	0	0
0	0	0	326306	0	0	0	0
0	0	0	262054	0	0	0	0
0	0	0	143350	0	0	0	0
0	0	0	0	0	0	0	551614
0	0	0	0	72434	0	0	0
0	0	0	0	166514	0	0	0
106614	0	0	0	0	0	0	0
74988	0	0	0	0	0	0	0
0	0	0	94186	0	0	0	0
0	0	166562	0	0	0	0	0
0	0	0	176126	0	0	0	0
0	0	0	106042	0	0	0	0
123546	0	0	0	0	0	0	0
0	0	0	0	0	0	0	863974
0	0	0	0	146290	0	0	0
0	0	0	0	98026	0	0	0
1544644	0	0	0	0	0	0	0
0	12827390	0	0	0	0	0	0
17554242	0	0	0	0	0	0	0
168388	0	0	0	0	0	0	0
0	0	0	0	277218	0	0	50965110
0	0	0	0	0	0	0	20405170
0	0	0	0	1425006	0	0	0
0	0	0	0	88694	0	0	0
0	0	0	0	93162	0	0	0
0	0	0	0	0	0	0	3062706
0	0	0	0	0	0	0	5991034
102852	0	0	0	0	0	0	0
95326	0	0	0	0	0	0	0
0	0	0	114670	0	0	0	0
114688	0	0	0	0	0	0	0
0	0	0	0	102394	0	0	0
0	0	0	147058	0	0	0	0
0	0	0	0	97010	0	0	0
0	0	0	0	163822	0	0	0
0	0	0	0	118766	0	0	0
0	0	0	0	150518	0	0	0
0	0	0	0	0	0	0	15781490
0	0	0	102306	0	0	0	0
0	0	0	0	77426	0	0	0
0	0	0	425954	0	0	0	0
112798	0	0	0	0	0	0	0
77140	0	0	0	0	0	0	0
0	0	0	0	203506	0	0	0
0	0	0	73402	0	0	0	0
0	18452142	0	0	0	0	0	0
0	0	0	3698342	0	0	0	0
0	0	0	0	0	0	0	1666042
0	0	0	85998	0	0	0	0
0	0	0	0	0	0	0	446182
0	0	0	0	81894	0	0	0
0	0	0	138106	0	0	0	0
0	0	0	0	150382	0	0	0
0	0	0	0	0	0	0	16042618
0	0	0	0	7802594	0	0	7810598
0	0	0	0	0	0	0	1756714
0	0	196582	0	0	0	0	0
0	0	0	88690	0	0	0	0
0	0	0	93990	0	0	0	0
0	0	0	0	117614	0	0	0
0	0	0	0	371326	0	0	0
95326	0	0	0	0	0	0	0
173716	0	0	0	0	0	0	0
0	0	0	0	73570	0	0	0
0	0	0	0	101354	0	0	0
0	0	0	125542	0	0	0	5614198
126684	0	0	0	0	0	0	0
108388	0	0	0	0	0	0	0
0	0	0	0	143202	0	0	0
0	0	0	187006	0	0	0	0
0	0	0	0	158714	0	0	0
0	0	0	0	93798	0	0	0
0	0	0	0	15313510	0	0	0
0	0	0	0	98170	0	0	0
0	0	0	0	113518	0	0	0
0	0	0	0	89830	0	0	0
0	0	0	134958	0	0	0	0
103032	0	0	0	0	0	0	0
0	0	93938	0	0	0	0	0
0	0	0	0	0	0	0	106098
0	0	0	93034	0	0	0	0
235364	0	0	0	0	0	0	0
0	0	0	0	2816754	0	0	0
0	0	0	0	85750	0	0	0
0	0	0	0	0	0	0	3903330
212286	0	0	0	0	0	0	0
0	0	0	0	97258	0	0	0
0	0	0	0	76390	0	0	0
68346	0	0	0	0	0	0	0
71206	0	0	0	0	0	0	0
0	0	0	191394	0	0	0	0
3616394	0	0	0	0	0	0	0
0	0	0	0	98154	0	0	0
0	0	0	0	89838	0	0	0
0	0	0	81846	0	0	0	0
0	0	0	0	166634	0	0	0
129818	0	0	0	0	0	0	0
0	0	0	0	0	0	0	4132706
0	0	0	142906	0	0	0	0
284720	0	0	0	0	0	0	0
242388	0	0	0	0	0	0	0
0	0	0	0	0	0	0	7408246
0	0	0	68450	0	0	0	0
94698	0	0	0	0	0	0	0
355586	0	0	0	0	0	0	0
0	0	0	0	0	0	0	1388270
118590	0	0	0	0	0	0	0
0	0	0	0	10484714	0	0	0
0	0	0	0	0	0	0	2014010
151044	0	0	0	0	0	0	0
111098	1235582	0	0	0	0	0	0
0	0	0	150382	0	0	0	0
94524	0	0	0	0	0	0	0
0	0	159462	0	0	0	0	0
1384682	0	0	0	0	0	0	0
0	0	0	0	0	0	0	15801266
0	0	0	0	106234	0	0	0
2551516	0	0	0	0	0	0	0
0	0	0	0	0	0	0	25471994
0	0	0	0	90086	0	0	0
82156	0	0	0	0	0	0	0
0	0	0	0	84838	0	0	0
0	0	0	0	121710	0	0	0
111632	0	0	0	0	0	0	0
1080874	0	0	0	0	0	0	0
0	0	0	0	101354	0	0	0
0	154366	0	0	0	0	0	0
0	0	0	0	122606	0	0	0
0	0	0	138874	0	0	0	0
0	0	0	97830	0	0	0	0
86546	0	0	0	0	0	0	0
114688	0	0	0	0	0	0	0
0	0	0	180022	0	0	0	0
105988	0	0	0	0	0	0	0
0	0	0	117550	0	0	0	0
0	0	0	0	113662	0	0	0
0	0	0	0	133746	0	0	0
0	0	0	166590	0	0	0	0
132952	0	0	0	0	0	0	0
0	0	133794	0	0	0	0	0
0	0	0	0	77558	0	0	0
0	0	0	0	98170	0	0	0
0	0	0	0	139250	0	0	0
0	0	0	0	113662	0	0	0
0	0	0	84846	0	0	0	0
0	0	0	0	105066	0	0	0
0	0	0	0	752230	0	0	0
0	0	0	1133234	0	0	0	0
0	0	0	85682	0	0	0	0
0	0	0	0	94178	0	0	0
0	0	0	0	125666	0	0	0
161004	0	0	0	0	0	0	0
0	0	0	0	559850	0	0	0
1128604	0	0	0	0	0	0	0
0	0	0	143150	0	0	0	0
0	0	0	0	93938	0	0	0
0	0	0	0	133730	0	0	0
0	0	0	0	118654	0	0	0
0	0	0	0	174826	0	0	0
107128	0	0	0	0	0	0	0
0	0	0	1666726	0	0	0	0
197238	0	0	0	0	0	0	0
195978	0	0	0	0	0	0	0
0	0	0	0	88806	0	0	0
0	0	0	0	151142	0	0	0
91874	0	0	0	0	0	0	0
0	0	0	106166	0	0	0	0
0	0	0	0	229242	0	0	0
0	0	0	154226	0	0	0	0
0	0	0	0	121838	0	0	0
94386	0	0	0	0	0	0	0
0	0	0	151534	0	0	0	0
0	0	0	0	0	0	0	367410
0	0	0	0	179054	0	0	0
0	0	0	0	0	0	0	6355890
167758	0	0	0	0	0	0	0
228906	0	0	0	0	0	0	0
92190	0	0	0	0	0	0	0
0	0	0	0	89974	0	0	0
0	0	0	0	135026	0	0	0
63970	0	0	0	0	0	0	0
0	0	0	0	94202	0	0	0
0	0	0	0	84982	0	0	0
0	0	0	0	0	0	0	871974
0	0	0	0	84734	0	0	0
0	0	0	0	179062	0	0	0
0	0	0	0	110574	0	0	0
20306126	0	0	0	0	0	0	0
0	0	0	102334	0	0	0	0
0	0	0	62447538	150374	0	0	0
0	0	0	0	110438	0	0	0
0	0	0	0	0	0	0	2137830
75884	0	0	0	0	0	0	0
0	0	0	0	737122	0	0	0
0	0	0	569338	0	0	0	0
0	0	0	0	76774	0	0	0
68656	0	0	0	0	0	0	0
0	0	0	0	0	0	0	282466
0	0	0	0	101114	0	0	0
0	0	220074	0	0	0	0	0
0	0	0	0	277218	0	0	0
0	0	0	0	118374	0	0	0
0	0	0	0	0	0	0	2121574
0	0	0	0	0	0	0	3664418
0	0	0	0	88694	0	0	0
0	0	0	0	85886	0	0	0
0	0	0	0	195570	0	0	0
0	0	0	106274	0	0	0	0
0	0	0	0	0	0	0	977842
0	0	0	0	106482	0	0	0
146824	0	0	0	0	0	0	0
146824	0	0	0	0	0	0	0
0	0	0	158702	0	0	0	0
0	0	0	0	0	0	0	4094898
0	0	0	0	24395370	0	0	0
138002	0	0	0	0	0	0	0
201334	0	0	0	0	0	0	0
0	0	0	0	0	0	0	4144050
0	0	0	0	126690	0	0	0
0	0	0	89646	0	0	0	0
157538	0	0	0	0	0	0	0
127922	0	0	0	0	0	0	0
97674	0	0	0	0	0	0	0
0	0	0	0	7626614	0	0	0
0	0	0	0	118374	0	0	0
92004	0	0	0	0	0	0	0
0	0	0	0	0	0	0	143086
125402	0	0	0	0	0	0	0
0	0	0	208438	0	0	0	0
0	0	0	0	162406	0	0	0
0	0	0	0	969470	0	0	0
0	0	0	0	200562	0	0	0
4139480	0	0	0	0	0	0	0
0	0	0	0	125554	0	0	0
0	0	0	109370	0	0	0	0
0	0	0	0	240366	0	0	0
0	0	0	0	121462	0	0	0
122250	0	0	0	0	0	0	0
0	0	0	0	81766	0	0	0
0	0	0	110458	0	0	0	0
0	0	0	80438	0	0	0	0
0	0	0	0	117374	0	0	0
0	0	0	0	81894	0	0	0
0	0	0	0	0	0	0	10653414
0	0	0	129830	0	0	0	0
0	0	0	0	174970	0	0	0
0	0	0	0	73570	0	0	0
123860	0	0	0	0	0	0	0
0	0	0	0	81662	0	0	0
135460	0	0	0	0	0	0	0
94072	0	0	0	0	0	0	0
8006052	0	0	0	0	0	0	0
0	0	0	0	77554	0	0	0
0	0	0	0	93802	0	0	0
102538	0	0	0	0	0	0	0
0	0	0	0	110570	0	0	0
94872	0	0	0	0	0	0	0
0	0	0	0	142306	0	0	1224422
0	0	0	0	6335210	0	0	0
0	0	0	88686	0	0	0	0
154074	0	0	0	0	0	0	0
0	0	0	0	122742	0	0	0
0	0	0	0	188414	0	0	0
0	0	0	122798	0	0	0	0
0	0	0	0	199402	0	0	0
0	0	0	0	146034	0	0	0
0	0	0	0	0	0	0	18852470
0	0	0	109370	0	0	0	0
0	0	0	0	113662	0	0	0
0	0	0	73314	0	0	0	0
120412	0	0	0	0	0	0	0
0	0	0	0	0	0	0	15813238
0	0	0	0	125802	0	0	0
0	0	0	21990190	0	0	0	0
94386	0	0	0	0	0	0	0
0	0	0	0	191090	0	0	0
0	0	0	0	0	0	0	11676278
115782	0	0	0	0	0	0	0
0	0	0	0	80614	0	0	0
0	0	0	0	0	0	0	2993894
0	0	0	0	0	0	0	2006570
0	0	0	0	81654	0	0	0
0	0	0	21896186	0	0	0	0
75524	0	0	0	0	0	0	0
0	0	0	0	97914	0	0	0
0	0	0	0	106090	0	0	0
0	0	0	0	96874	0	0	0
99088	0	0	0	0	0	0	0
114140	0	0	0	0	0	0	0
0	0	0	0	106090	0	0	0
82552	0	0	0	0	0	0	0
86546	0	0	0	0	0	0	0
86758	0	0	0	0	0	0	0
80030	0	0	0	0	0	0	0
0	0	0	0	89830	0	0	0
0	0	0	0	118518	0	0	0
0	0	146430	0	0	0	0	0
0	0	0	110518	0	0	0	0
0	0	0	0	0	0	0	846458
94840	0	0	0	0	0	0	0
0	0	0	97206	0	0	0	0
0	0	0	0	0	0	0	3881786
0	0	130730	0	0	0	0	0
0	0	0	0	89830	0	0	0
0	0	0	16187238	0	0	0	0
103976	0	0	0	0	0	0	0
0	0	0	0	102394	0	0	0
0	0	0	0	118510	0	0	0
9985302	0	0	0	0	0	0	0
90112	0	0	0	0	0	0	0
86962	0	0	0	0	0	0	0
88852	0	0	0	0	0	0	0
0	0	0	117734	0	0	0	0
0	0	0	469622	0	0	0	0
0	0	0	0	109294	0	0	0
0	15608622	0	0	0	0	0	0
0	0	0	0	133746	0	0	0
0	0	0	0	147298	0	0	0
0	0	0	167870	0	0	0	0
0	0	0	0	117374	0	0	0
175496	0	0	0	0	0	0	0
91058	0	0	0	0	0	0	0
0	0	0	0	106106	0	0	0
0	0	0	0	113382	0	0	0
0	0	0	0	244730	0	0	0
98304	0	0	0	0	0	0	0
0	0	0	0	159334	0	0	0
0	0	0	105402	0	0	0	0
178648	0	0	0	0	0	0	0
0	0	0	0	114286	0	0	0
105866	0	0	0	0	0	0	0
0	0	0	0	0	0	0	2956282
0	0	0	125934	0	0	0	83054122
0	0	0	0	0	0	0	466858
0	0	0	0	2165362	0	0	0
0	0	0	0	96874	0	0	0
102716	0	0	0	0	0	0	0
0	0	0	0	105066	0	0	0
159920	0	0	0	0	0	0	0
123510	0	0	0	0	0	0	0
0	0	0	0	113662	0	0	0
0	0	0	0	278258	0	0	0
155844	0	0	0	0	0	0	0
0	0	0	0	0	0	0	1247778
0	0	0	0	133746	0	0	0
120098	0	0	0	0	0	0	0
0	0	0	93158	0	0	0	0
0	0	0	0	101242	0	0	0
17461738	0	0	0	0	0	0	0
0	0	0	0	84982	0	0	0
0	0	0	98018	0	0	0	0
94208	0	0	0	0	0	0	0
0	0	0	0	0	0	0	138790
0	0	0	0	0	0	0	1649658
0	0	0	207478	0	0	0	0
0	0	0	0	76522	0	0	0
0	0	0	0	85606	0	0	0
0	0	0	0	126834	0	0	0
0	0	0	0	134010	0	0	0
0	0	0	0	183038	0	0	0
0	0	0	0	0	0	0	12237622
0	0	0	105274	0	0	0	0
0	0	0	0	113518	0	0	0
0	0	0	0	98154	0	0	0
0	0	0	0	92922	0	0	0
157098	0	0	0	0	0	0	0
136716	0	0	0	0	0	0	0
0	0	0	0	0	0	0	380654
0	0	315114	0	0	0	0	0
0	0	0	0	2387958	0	0	0
1402094	0	0	0	0	0	0	0
0	0	0	0	81650	0	0	0
0	0	0	0	191202	0	0	0
410694	0	0	0	0	0	0	0
0	0	0	0	125554	0	0	0
0	0	0	0	76390	0	0	0
9554392	0	0	0	0	0	0	0
0	0	0	0	98170	0	0	0
7416542	0	0	0	0	0	0	0
171642	0	0	0	0	0	0	0
0	0	0	0	634726	0	0	0
0	0	0	0	0	0	0	16170610
207268	0	0	0	0	0	0	0
0	0	0	0	76774	0	0	0
0	0	0	89718	0	0	0	0
0	0	0	0	179194	0	0	0
105482	0	0	0	0	0	0	0
0	0	0	0	84838	0	0	0
137970	0	0	0	0	0	0	0
10127516	0	0	0	0	0	0	0
0	0	0	0	0	0	0	2345506
0	0	0	0	142966	0	0	0
0	0	0	0	0	0	0	5873578
154590	0	0	0	0	0	0	1436194
121038	0	0	0	0	0	0	0
0	0	0	0	0	0	0	2428646
0	0	0	125482	0	0	0	0
0	0	0	109238	0	0	0	0
83638	0	0	0	0	0	0	0
0	0	0	0	85606	0	0	0
0	0	0	97206	0	0	0	0
79580	0	0	0	0	0	0	0
240924	0	0	0	0	0	0	0
0	0	0	0	21684086	0	0	0
184694	0	0	0	0	0	0	0
93444	0	0	0	0	0	0	0
0	0	0	0	77554	0	0	0
101912	0	0	0	0	0	0	0
0	0	0	0	5442146	0	0	0
0	0	0	130610	0	0	0	0
115950	0	0	0	0	0	0	0
0	0	0	0	135026	0	0	0
0	0	0	0	73570	0	0	0
0	0	0	0	252782	0	0	0
1138884	0	0	0	0	0	0	0
0	0	0	97018	0	0	0	0
102714	0	0	0	0	0	0	0
0	0	134898	0	0	0	0	0
134834	0	0	0	0	0	0	0
1379720	0	0	0	0	0	0	0
0	0	0	0	854626	0	0	0
0	0	0	0	0	0	0	454258
0	0	0	0	114286	0	0	0
98936	0	0	0	0	0	0	0
0	0	0	0	134770	0	0	0
0	0	0	0	0	0	0	5962674
101598	0	0	0	0	0	0	0
0	0	0	0	0	0	0	18202226
124520	0	0	0	0	0	0	0
0	0	0	0	0	0	0	245674
0	0	0	0	113518	0	0	0
0	0	0	0	191202	0	0	0
0	0	0	0	0	0	0	24031074
0	0	0	0	0	0	0	3444582
202252	0	0	0	0	0	0	0
803990	0	0	0	0	0	0	0
0	0	0	0	98170	0	0	0
0	0	0	16809698	0	0	0	0
0	0	0	260770	0	0	0	0
0	0	0	0	126706	0	0	0
0	0	0	85810	0	0	0	0
0	0	0	0	76658	0	0	0
0	0	0	0	106482	0	0	0
95326	0	0	0	0	0	0	0
0	0	0	76406	0	0	0	0
163526	0	0	0	0	0	0	0
0	0	0	0	80614	0	0	0
0	0	0	0	102258	0	0	0
0	0	0	0	195426	0	0	0
68360	0	0	0	0	0	0	0
0	0	0	134130	0	0	0	0
0	0	121778	0	0	0	0	0
0	0	0	0	0	0	0	8298410
0	0	0	441918	0	0	0	0
0	0	0	0	94066	0	0	0
150826	0	0	0	0	0	0	0
0	0	0	0	154230	0	0	0
0	0	0	0	110574	0	0	0
0	0	0	0	73570	0	0	0
124174	0	0	0	0	0	0	0
0	0	0	0	142058	0	0	0
0	0	0	0	0	0	0	339882
0	0	0	0	146034	0	0	0
90192	0	0	0	0	0	0	0
0	0	0	0	0	0	0	5302906
0	0	0	0	93798	0	0	0
0	0	0	0	0	0	0	18094782
84664	0	0	0	0	0	0	0
0	0	0	0	118510	0	0	0
112348	0	0	0	0	0	0	0
0	0	0	134958	0	0	0	154146
0	0	0	0	184302	0	0	0
0	0	0	0	17862266	0	0	0
0	0	0	4459134	0	0	0	0
108182	0	0	0	0	0	0	0
0	0	0	88746	0	0	0	0
90308	0	0	0	0	0	0	0
0	0	0	77498	0	0	0	0
0	0	0	121530	0	0	0	0
0	0	0	0	151142	0	0	0
0	0	0	0	151142	0	0	0
129192	0	0	0	0	0	0	0
0	0	0	0	109290	0	0	0
0	0	0	0	76774	0	0	0
85822	0	0	0	0	0	0	0
0	0	0	0	134770	0	0	0
0	0	0	0	170738	0	0	0
0	0	0	97958	0	0	0	0
0	0	0	0	256626	0	0	0
0	0	0	101310	0	0	0	0
0	0	0	0	130658	0	0	0
231248	0	0	0	0	0	0	0
0	0	0	0	88806	0	0	0
0	0	0	0	3649518	0	0	0
178962	0	0	0	0	0	0	0
61333544	0	0	241342	0	0	0	0
0	0	0	77354	0	0	0	0
0	0	0	0	0	0	0	3714918
0	0	0	0	84982	0	0	0
2969916	0	0	0	0	0	0	0
0	0	0	0	105066	0	0	0
3404092	0	0	0	0	0	0	0
105552	0	0	0	0	0	0	0
0	0	114406	0	0	0	0	0
0	0	0	0	117614	0	0	0
101454	0	0	0	0	0	0	0
0	0	0	14940986	0	0	0	0
0	0	0	0	0	0	0	20102066
74630	0	0	0	0	0	0	0
99564	0	0	0	0	0	0	0
0	0	0	0	949878	0	0	0
78140	0	0	0	0	0	0	0
0	0	0	0	84734	0	0	0
127310	0	0	0	0	0	0	0
0	0	0	0	129890	0	0	0
107556	0	0	0	0	0	0	0
0	0	0	0	0	0	0	1900074
0	0	0	0	0	0	0	962402
0	0	0	0	122742	0	0	4222506
0	0	0	73662	0	0	0	0
2860692	0	0	0	0	0	0	0
0	0	0	0	85606	0	0	0
0	0	0	0	0	0	0	23162478
0	0	0	0	113662	0	0	0
123584	0	0	0	0	0	0	0
0	0	0	0	1851366	0	0	0
0	0	0	0	114534	0	0	0
0	0	0	0	0	0	0	2830062
87174	0	0	0	0	0	0	0
0	0	0	0	76770	0	0	0
0	0	0	129826	0	0	0	0
99242	0	0	0	0	0	0	0
0	0	0	0	73322	0	0	0
0	0	0	0	0	0	0	904186
114220	0	0	0	0	0	0	0
1066762	0	0	0	0	0	0	0
0	0	0	155254	0	0	0	0
0	0	0	130598	0	0	0	0
0	0	0	0	85606	0	0	0
3656220	0	0	0	0	0	0	0
0	0	0	0	76526	0	0	0
0	0	0	0	163446	0	0	0
0	0	0	0	0	0	0	105278
0	0	0	0	0	0	0	24465006
0	0	0	0	2367330	0	0	0
122250	0	0	0	0	0	0	0
0	0	139006	0	0	0	0	0
0	0	0	0	84846	0	0	0
0	0	0	0	121598	0	0	0
0	0	0	490034	0	0	0	0
0	0	0	0	125550	0	0	0
0	0	0	118450	0	0	0	0
0	0	109222	0	0	0	0	0
0	0	0	130978	0	0	0	0
0	0	0	114546	0	0	0	0
0	0	195262	0	0	0	0	0
0	0	0	0	151422	0	0	0
100342	0	0	0	0	0	0	0
86858	0	0	0	0	0	0	0
5920818	0	0	0	0	0	0	0
0	0	0	0	77558	0	0	0
0	0	0	0	88830	0	0	0
0	0	0	1076078	1076842	0	0	0
0	0	0	0	113518	0	0	0
117840	0	0	0	0	0	0	0
0	0	0	0	114282	0	0	0
0	0	0	73398	0	0	0	0
0	0	0	16064186	0	0	0	0
0	0	0	0	1589222	0	0	0
97834	0	0	0	0	0	0	0
77510	0	0	0	0	0	0	0
0	0	0	0	102258	0	0	0
116022	0	0	0	0	0	0	0
0	0	0	0	3275506	0	0	0
0	0	0	0	81762	0	0	0
0	0	0	0	110462	0	0	0
19003568	0	0	0	0	0	0	0
0	0	0	0	84838	0	0	0
0	0	0	0	0	0	0	453426
0	0	0	89834	0	0	0	0
0	0	0	0	179194	0	0	0
123584	0	0	0	0	0	0	0
0	0	0	0	109542	0	0	0
121306	0	0	0	0	0	0	0
0	0	0	106490	0	0	0	0
0	0	0	0	0	0	0	855978
0	0	0	0	151286	0	0	0
0	0	0	0	76662	0	0	0
0	0	0	0	0	0	0	14383734
83496	0	0	0	0	0	0	0
0	0	0	17715182	0	0	0	0
0	0	0	0	0	0	0	323310
0	0	0	0	94062	0	0	0
0	0	0	0	179198	0	0	0
140478	0	0	0	0	0	0	0
0	0	0	0	93802	0	0	0
85072	0	0	0	0	0	0	0
0	0	274150	0	0	0	0	0
0	0	0	0	146290	0	0	0
0	0	0	0	0	0	0	3001266
0	0	0	0	134770	0	0	0
0	0	0	0	151142	0	0	0
0	0	0	0	13016058	0	0	0
0	0	0	0	102250	0	0	0
318902	0	0	0	0	0	0	0
0	0	0	0	2903934	0	0	0
0	0	0	0	98154	0	0	0
192198	0	0	0	0	0	0	0
0	0	0	0	101354	0	0	0
0	0	0	0	113662	0	0	0
105988	0	0	0	0	0	0	0
0	0	0	0	85750	0	0	0
97044	0	0	0	0	0	0	0
0	0	0	0	0	0	0	842546
0	0	0	2509546	0	0	0	0
100654	0	0	0	0	0	0	0
0	0	0	0	0	0	0	19503806
0	0	0	0	97018	0	0	0
0	0	0	0	0	0	0	2464446
0	0	0	110514	0	0	0	0
0	0	0	0	0	0	0	5495418
0	0	0	0	131058	0	0	0
118530	0	0	0	0	0	0	0
0	0	0	1063474	0	0	0	0
0	314094	0	0	0	0	0	0
0	0	0	118322	0	0	0	0
0	0	0	0	84982	0	0	0
0	0	0	0	219766	0	0	0
0	0	0	118766	0	0	0	0
179756	0	0	0	0	0	0	0
0	0	0	102314	0	0	0	0
70240	0	0	0	0	0	0	0
257756	0	0	0	0	0	0	0
84664	0	0	0	0	0	0	0
0	0	0	400378	0	0	0	0
0	0	133882	0	0	0	0	0
83638	0	0	0	0	0	0	0
0	0	0	0	0	0	0	8416878
0	0	0	0	134882	0	0	0
116022	0	0	0	0	0	0	0
160548	0	0	0	0	0	0	0
0	0	0	0	117750	0	0	0
0	0	0	0	0	0	0	826290
0	0	0	0	114286	0	0	0
0	0	0	133666	0	0	0	0
139224	0	0	0	0	0	0	0
0	0	0	162554	0	0	0	0
142360	0	0	0	0	0	0	0
126976	0	0	0	0	0	0	0
146122	0	0	0	0	0	0	0
139224	0	0	0	0	0	0	0
0	0	0	855678	0	0	0	0
112258	0	0	0	0	0	0	0
0	0	2559734	0	0	0	0	0
0	0	0	0	101114	0	0	0
0	0	0	0	0	0	0	917034
131698	0	0	0	0	0	0	0
0	0	0	0	0	0	0	2624314
0	0	0	0	85606	0	0	0
135776	0	0	0	0	0	0	0
113908	0	0	0	0	0	0	0
13837190	0	0	0	0	0	0	13871650
92190	0	0	0	0	0	0	0
0	0	0	687782	682858	0	0	0
117904	0	0	0	0	0	0	0
0	0	0	0	950134	0	0	0
0	0	0	0	89974	0	0	0
94386	0	0	0	0	0	0	0
0	0	0	0	113382	0	0	0
94872	0	0	0	0	0	0	0
81530	0	0	0	0	0	0	0
0	0	0	110138	0	0	0	0
122920	0	0	0	0	0	0	0
83410	0	0	0	0	0	0	0
73728	0	0	0	0	0	0	0
0	0	0	0	76662	0	0	0
0	0	0	0	0	0	0	6090354
0	0	0	0	98290	0	0	0
0	0	0	84534	0	0	0	0
142986	0	0	0	0	0	0	0
0	0	0	0	167546	0	0	0
0	0	0	0	0	0	0	535354
0	0	0	0	102394	0	0	0
90192	0	0	0	0	0	0	0
0	0	0	0	5868410	0	0	0
0	0	0	94202	0	0	0	0
0	0	0	0	0	0	0	831206
0	0	0	0	0	0	0	2211370
0	0	0	0	97018	0	0	0
0	0	0	0	167650	0	0	0
76148	0	0	0	0	0	0	0
0	0	0	0	0	0	0	297590
147376	0	0	0	0	0	0	0
84038	0	0	0	0	0	0	0
113200	0	0	0	0	0	0	0
121666	0	0	0	0	0	0	0
0	0	0	0	0	0	0	18229878
0	0	0	0	73338	0	0	0
92318	0	0	0	0	0	0	0
0	0	0	0	0	0	0	1833782
0	0	0	93802	0	0	0	0
379352	0	0	0	0	0	0	0
0	0	0	102306	0	0	0	0
7243452	0	0	0	0	0	0	0
0	0	0	134142	0	0	0	0
0	0	0	0	122878	0	0	0
98620	0	0	0	0	0	0	0
75884	0	0	0	0	0	0	0
0	0	0	0	150518	0	0	0
0	0	0	0	98154	0	0	0
68670	0	0	0	0	0	0	0
0	0	0	0	106106	0	0	0
241350	0	0	0	0	0	0	0
0	0	0	0	2304994	0	0	0
5283210	0	0	0	0	0	0	0
0	0	0	0	0	0	0	23272250
0	24898542	0	0	0	0	0	0
0	0	0	0	98290	0	0	0
20429674	0	0	0	0	0	0	0
81530	0	0	0	0	0	0	0
0	0	0	0	0	0	0	196454
0	0	0	0	129890	0	0	0
82156	0	0	0	0	0	0	0
0	0	0	97142	0	0	0	0
115320	0	0	0	0	0	0	0
107758	0	0	0	0	0	0	0
0	0	0	93810	0	0	0	0
0	0	69622	0	0	0	0	0
0	0	0	0	98170	0	0	0
0	0	0	93034	0	0	0	0
0	0	0	0	84982	0	0	0
0	0	0	0	114286	0	0	0
145566	0	0	0	0	0	0	0
0	0	0	0	208626	0	0	0
0	0	0	0	4574958	0	0	0
0	0	0	0	0	0	0	8784890
0	0	0	0	135018	0	0	0
0	0	0	105394	0	0	0	0
0	0	0	0	129890	0	0	0
3631578	0	0	0	0	0	0	0
0	0	0	0	89974	0	0	0
119100	0	0	0	0	0	0	0
0	0	0	0	0	0	0	835582
0	0	0	0	0	0	0	573354
0	0	0	0	147298	0	0	0
13153200	0	0	0	0	0	0	0
0	0	0	0	122606	0	0	0
0	0	0	96822	0	0	0	0
0	0	0	0	105466	0	0	0
0	0	0	96890	0	0	0	0
0	0	0	0	77558	0	0	0
0	0	0	0	0	0	0	1675178
83812	0	0	0	0	0	0	0
0	0	0	0	101242	0	0	0
0	0	0	20093874	0	0	0	0
134852	0	0	0	0	0	0	0
128564	0	0	0	0	0	0	0
118842	0	0	0	0	0	0	0
0	0	0	5500454	0	0	0	0
0	0	0	0	129642	0	0	0
0	0	0	122794	0	0	0	0
0	0	0	0	0	0	0	20511666
0	0	0	0	183038	0	0	0
0	0	0	0	73714	0	0	0
194100	0	4389806	0	0	0	0	0
102791176	0	0	188010	0	0	0	0
92634	0	0	0	0	0	0	0
0	0	0	9423594	0	0	0	0
0	0	0	0	4390778	0	0	0
0	0	0	102382	0	0	0	82800482
0	0	0	88702	0	0	0	0
0	0	0	0	117614	0	0	0
0	0	0	0	0	0	0	266082
151552	0	0	0	0	0	0	0
0	0	0	0	174826	0	0	0
0	0	0	126698	0	0	0	0
0	0	0	80826	0	0	0	0
0	0	0	0	102394	0	0	0
0	0	0	0	0	0	0	3091250
0	0	0	0	117750	0	0	0
0	0	0	0	109542	0	0	0
0	0	0	73270	0	0	0	0
152496	0	0	0	0	0	0	0
0	0	0	0	162550	0	0	0
0	0	0	18419622	0	0	0	0
531218	0	0	0	0	0	0	0
0	0	0	0	0	0	0	1519214
0	0	0	69426	0	0	0	0
0	0	0	109098	0	0	0	0
4413912	0	0	0	0	0	0	0
0	0	0	0	141922	0	0	0
0	0	0	0	0	0	0	10514150
126032	0	0	0	0	0	0	0
0	0	0	0	0	0	0	700086
0	0	0	0	215910	0	0	0
0	0	0	0	93802	0	0	0
0	0	0	0	4917874	0	0	0
0	0	0	0	15884150	0	0	0
0	0	0	0	97266	0	0	0
85702	0	0	0	0	0	0	0
0	0	0	68142	0	0	0	0
0	0	0	162546	0	0	0	0
0	0	0	0	0	0	0	928446
0	0	0	0	125554	0	0	0
1867144	0	0	0	0	0	0	0
0	0	0	10152870	0	0	0	0
142416	0	0	0	0	0	0	0
82236	0	0	0	0	0	0	0
0	0	0	0	121710	0	0	0
0	0	0	0	122878	0	0	0
0	0	0	0	110574	0	0	0
0	0	0	15728354	0	0	0	0
2372214	0	0	0	0	0	0	0
0	0	0	0	228326	0	0	0
0	0	0	0	141922	0	0	0
0	0	0	0	89974	0	0	0
0	0	0	0	0	0	0	924466
0	0	0	0	134882	0	0	0
0	0	0	93034	0	0	0	0
0	0	0	0	0	0	0	580410
0	0	0	0	1638386	0	0	0
0	0	0	0	77670	0	0	0
0	0	0	0	0	0	0	1048490
0	0	0	0	97018	0	0	0
195984	0	0	0	0	0	0	0
0	0	0	0	694890	0	0	0
0	0	0	0	12046318	0	0	0
0	0	0	0	0	0	0	167782
0	0	0	0	89830	0	0	0
0	0	0	171898	0	0	0	0
0	0	0	0	0	0	0	1347302
0	0	0	0	0	0	0	9543398
0	0	0	0	89974	0	0	0
2388912	0	0	0	0	0	0	0
854172	0	0	0	0	0	0	0
0	0	0	118566	0	0	0	0
0	0	0	141994	0	0	0	0
0	0	0	0	170602	0	0	0
0	0	0	0	98170	0	0	0
0	0	0	0	97258	0	0	0
0	0	0	0	121598	0	0	0
0	0	0	0	76658	0	0	0
0	0	0	0	139106	0	0	0
0	0	0	0	0	0	0	2854638
0	0	0	97138	0	0	0	0
0	0	0	6924962	0	0	0	0
5405458	0	0	0	0	0	0	0
0	0	182962	0	0	0	0	0
0	0	0	0	0	0	0	158718
0	0	0	0	81654	0	0	0
8178138	0	0	0	0	0	0	0
0	0	0	0	0	0	0	21170878
0	0	0	0	0	0	0	6012454
0	0	0	0	0	0	0	3923894
124772	0	0	0	0	0	0	0
5673590	0	0	0	0	0	0	0
0	0	0	0	0	0	0	450170
102086	0	0	0	0	0	0	0
0	0	0	0	0	0	0	1605362
311296	0	0	0	0	0	0	0
146194	0	0	0	0	0	0	0
74360	0	0	0	0	0	0	0
0	0	114350	0	0	0	0	0
144304	0	0	0	0	0	0	0
21947944	0	0	0	0	0	0	0
0	0	0	0	150518	0	0	0
0	0	0	0	0	0	0	785206
93264	0	0	0	0	0	0	0
0	0	0	0	339810	0	0	0
0	0	0	634670	0	0	0	0
120990	0	0	0	0	0	0	0
119730	0	0	0	0	0	0	0
149976	0	0	0	0	0	0	0
0	0	0	126578	0	0	0	0
0	0	0	0	184302	0	0	0
23545068	0	0	0	0	0	0	0
80658	0	0	0	0	0	0	0
87592	0	0	0	0	0	0	0
0	0	0	0	109182	0	0	0
0	0	0	0	200418	0	0	0
0	0	0	0	0	0	0	4283190
0	0	0	0	102010	0	0	0
81920	0	0	0	0	0	0	0
0	0	0	0	0	0	0	703166
77510	0	0	0	0	0	0	0
0	0	0	0	105066	0	0	0
0	0	0	110510	0	0	0	0
0	0	204786	0	0	0	0	0
161950	0	0	0	0	0	0	0
78138	0	0	0	0	0	0	0
0	0	0	0	0	0	0	494114
0	0	0	0	0	0	0	4304622
0	0	0	0	80758	0	0	0
0	0	0	990754	0	0	0	0
79400	0	0	0	0	0	0	0
0	0	220154	0	0	0	0	0
0	0	0	106038	0	0	0	0
0	0	0	0	0	0	0	5201718
156592	0	0	0	0	0	0	0
0	0	0	0	84846	0	0	0
118470	0	0	0	0	0	0	0
0	20966958	0	0	0	0	0	0
0	0	0	0	94202	0	0	0
0	0	0	0	102250	0	0	0
0	0	0	0	93178	0	0	0
0	0	0	0	0	0	0	21466106
0	0	0	0	4942698	0	0	0
0	0	0	129790	0	0	0	0
0	0	0	0	0	0	0	18848290
0	0	0	109218	0	0	0	0
0	0	0	7027642	0	0	0	0
0	0	0	0	630626	0	0	0
0	0	0	0	25156214	0	0	0
78770	0	0	0	0	0	0	0
0	0	0	0	146294	0	0	0
0	0	0	138042	0	0	0	0
0	0	0	0	0	0	0	495218
0	0	126974	0	0	0	0	0
0	0	0	0	118766	0	0	0
156910	0	0	0	0	0	0	0
0	0	0	0	0	0	0	298606
0	0	0	0	0	0	0	4255274
140524	0	0	0	0	0	0	0
0	0	0	0	138210	0	0	0
0	0	0	0	0	0	0	187070
70264	0	0	0	0	0	0	0
77510	0	0	0	0	0	0	0
0	0	0	0	125554	0	0	0
0	0	0	0	143338	0	0	0
90112	0	0	0	0	0	0	0
71838	0	0	0	0	0	0	0
0	0	0	0	4312958	0	0	0
191566	0	0	0	0	0	0	0
0	0	0	0	4422630	0	0	0
0	141998	0	0	0	0	0	0
0	0	0	0	0	0	0	642674
93758	0	0	0	0	0	0	0
0	0	0	0	272998	0	0	0
0	0	0	0	0	0	0	1206818
0	0	0	0	114286	0	0	0
134536	0	0	0	0	0	0	0
0	0	0	0	114430	0	0	0
0	0	0	0	89830	0	0	0
572348	0	0	0	0	0	0	0
0	0	0	0	154230	0	0	0
112258	0	0	0	0	0	0	0
0	0	0	73662	0	0	0	0
179756	0	0	0	0	0	0	0
0	0	0	0	0	0	0	3787770
0	0	0	0	1006198	0	0	0
264024	0	0	0	0	0	0	0
0	0	0	237346	0	0	0	0
0	0	0	0	2399866	0	0	0
176012	0	0	0	0	0	0	0
114220	0	0	0	0	0	0	0
0	0	0	0	147186	0	0	0
0	0	0	0	5118562	0	0	0
0	0	0	0	88694	0	0	0
0	0	0	0	130794	0	0	0
0	0	0	0	97266	0	0	0
0	0	0	0	113518	0	0	0
122920	0	0	0	0	0	0	0
84574	0	0	0	0	0	0	0
152708	0	0	0	0	0	0	0
0	0	0	0	0	0	0	2464574
0	0	0	0	0	0	0	2227122
0	0	0	0	0	0	0	1186494
0	0	89766	0	0	0	0	0
2299090	0	0	0	0	0	0	0
167134	0	0	0	0	0	0	0
0	0	0	0	102250	0	0	0
0	0	0	0	102010	0	0	0
77396	0	0	0	0	0	0	0
105988	0	0	0	0	0	0	0
90744	0	0	0	0	0	0	0
130132	0	0	0	0	0	0	0
0	0	0	0	0	0	0	11611130
116022	0	0	0	0	0	0	0
0	0	0	76582	0	0	0	0
0	0	0	0	113662	0	0	0
0	0	0	0	131058	0	0	0
0	0	0	17104802	0	0	0	17133294
104420	0	0	0	0	0	0	0
117276	0	0	0	0	0	0	0
100970	0	0	0	0	0	0	0
0	0	0	109370	0	0	0	0
0	0	0	72674	0	0	0	0
0	0	0	8239986	0	0	0	0
7553572	0	0	0	0	0	0	0
158534	0	0	0	0	0	0	0
0	0	0	252602	0	0	0	0
0	0	0	0	122878	0	0	0
0	0	0	88614	0	0	0	0
0	0	0	85798	0	0	0	0
68986	0	0	0	0	0	0	0
0	0	0	12812002	0	0	0	0
131698	0	0	0	0	0	0	0
159920	0	0	0	0	0	0	0
0	0	0	0	4151926	0	0	0
0	0	0	0	0	0	0	13606630
0	0	0	114350	0	0	0	0
0	0	0	0	0	0	0	3545790
0	0	0	0	102250	0	0	0
127310	0	0	0	0	0	0	0
114768	0	0	0	0	0	0	0
0	0	700386	699382	0	0	0	728806
0	0	0	0	109294	0	0	0
97042	0	0	0	0	0	0	0
0	0	0	0	0	0	0	1064558
0	0	0	252586	0	0	0	0
0	0	0	7531490	0	0	0	0
0	0	0	0	101098	0	0	0
0	0	0	122802	0	0	0	0
0	0	0	0	170594	0	0	0
0	0	0	0	109294	0	0	123641386
0	0	0	0	125666	0	0	0
0	0	0	0	81766	0	0	0
0	0	0	0	129778	0	0	0
78706	0	0	0	0	0	0	0
75932	0	0	0	0	0	0	0
0	0	0	1519478	0	0	0	1542970
0	0	0	101154	0	0	0	0
0	0	0	0	102010	0	0	0
0	0	0	0	98026	0	0	0
105866	0	0	0	0	0	0	0
0	0	0	85930	0	0	0	0
0	0	0	0	147298	0	0	0
0	0	0	0	80614	0	0	0
2269184	0	0	0	0	0	0	0
0	0	0	0	170602	0	0	0
99402	0	0	0	0	0	0	0
0	0	0	0	536306	0	0	0
0	0	0	138086	0	0	0	0
85292	0	0	0	0	0	0	0
168250	0	0	0	0	0	0	0
0	0	0	0	170594	0	0	0
150826	0	0	0	0	0	0	0
0	0	0	0	101114	0	0	0
174552	0	0	0	0	0	0	0
66166	0	0	0	0	0	0	0
83182	0	0	0	0	0	0	0
0	0	0	0	0	0	0	3467810
84038	0	0	0	0	0	0	0
100490	0	0	0	0	0	0	0
0	0	0	125666	0	0	0	0
0	0	0	68138	0	0	0	0
645954	0	0	0	0	0	0	0
143614	0	0	0	0	0	0	0
0	0	0	74051134	5954166	0	0	0
0	0	0	0	122878	0	0	0
89482	0	0	0	0	0	0	0
0	0	0	105002	0	0	0	0
132944	0	0	0	0	0	0	0
0	0	0	0	0	0	0	232126
0	0	0	0	0	0	0	1780658
0	0	0	0	0	0	0	573354
0	0	0	0	7961334	0	0	0
0	0	0	109370	0	0	0	0
0	0	0	154490	0	0	0	0
0	0	0	0	175998	0	0	0
0	84526	72630	0	0	0	0	0
84442	0	0	0	0	0	0	0
0	0	0	0	92922	0	0	0
0	0	0	0	133730	0	0	0
0	0	0	0	77554	0	0	0
77766	0	0	0	0	0	0	0
0	0	0	0	109294	0	0	0
111538	0	0	0	0	0	0	0
0	0	0	0	139250	0	0	0
0	0	0	0	105066	0	0	0
0	0	0	0	76386	0	0	0
115320	0	0	0	0	0	0	0
0	0	0	0	125554	0	0	0
132962	0	0	0	0	0	0	0
0	0	0	0	143090	0	0	0
778872	0	0	0	0	0	0	0
0	0	0	0	134114	0	0	0
0	0	0	174902	0	0	0	0
0	6359598	0	0	0	0	0	0
0	0	0	0	84734	0	0	0
109750	0	0	0	0	0	0	5135282
146510	0	0	0	0	0	0	0
146194	0	0	0	0	0	0	0
0	0	0	0	2169442	0	0	0
0	0	0	0	88694	0	0	0
177704	0	0	0	0	0	0	0
0	0	0	0	135026	0	0	0
152080	0	0	0	0	0	0	0
0	5660670	0	0	0	0	0	0
100826	0	0	0	0	0	0	0
110378	0	0	0	0	0	0	0
0	0	0	0	175078	0	0	0
0	0	0	97958	0	0	0	0
90936	0	0	0	0	0	0	0
0	25746174	0	0	0	0	0	0
0	0	0	0	77430	0	0	0
405444	0	0	0	0	0	0	0
0	0	0	0	118510	0	0	0
122880	0	0	0	0	0	0	0
86962	0	0	0	0	0	0	0
0	0	0	0	94178	0	0	0
110908	0	0	0	0	0	0	0
147456	0	0	0	0	0	0	0
0	0	0	0	117614	0	0	0
0	0	0	0	0	0	0	1199098
0	0	0	0	6757234	0	0	6786790
0	0	0	0	88694	0	0	0
126662	0	0	0	0	0	0	0
14894946	0	0	0	0	0	0	57055862
0	0	0	0	0	0	0	7028262
0	0	0	0	81654	0	0	0
0	0	0	0	106234	0	0	0
78770	0	0	0	0	0	0	0
89682	0	0	0	0	0	0	0
77510	0	0	0	0	0	0	0
88852	0	0	0	0	0	0	0
79400	0	0	0	0	0	0	0
0	0	0	0	110574	0	0	0
0	0	0	298918	0	0	0	0
0	0	0	0	192482	0	0	0
0	0	0	0	170602	0	0	0
75620	0	0	0	0	0	0	0
0	0	0	92842	0	0	0	0
0	0	125878	0	0	0	0	0
112798	0	0	0	0	0	0	0
92632	0	0	0	0	0	0	0
0	0	0	0	0	0	0	5085818
0	0	0	0	94202	0	0	0
0	0	0	498430	0	0	0	0
122250	0	0	0	0	0	0	0
78140	0	0	0	0	0	0	0
147456	0	0	0	0	0	0	0
0	0	0	0	0	0	0	2292414
153334	0	0	0	0	0	0	0
0	0	0	302782	0	0	0	0
0	0	0	0	142062	0	0	0
0	0	0	0	130658	0	0	0
97044	0	0	0	0	0	0	0
0	0	0	0	84838	0	0	0
0	0	0	0	76774	0	0	0
0	0	0	0	113662	0	0	0
100510	0	0	0	0	0	0	0
0	0	0	72446	0	0	0	0
0	0	162738	0	0	0	0	0
0	0	0	0	1579618	0	0	0
0	0	0	68594	0	0	0	0
12749274	0	0	0	0	0	0	0
0	0	0	0	2346734	0	0	0
122294	0	0	0	0	0	0	0
0	0	0	0	88694	0	0	0
0	0	0	0	0	0	0	2424746
0	0	0	0	84838	0	0	0
0	0	0	105082	0	0	0	0
0	0	0	0	72434	0	0	0
0	0	0	0	89830	0	0	0
0	0	0	93810	0	0	0	0
0	0	0	0	0	0	0	23613038
0	0	0	85998	0	0	0	0
0	9317038	0	0	0	0	0	0
90112	0	0	0	0	0	0	0
0	0	0	0	174830	0	0	0
2724784	0	0	0	0	0	0	0
0	0	0	139254	0	0	0	0
0	0	0	0	0	0	0	420386
173924	0	0	0	0	0	0	0
0	0	0	6814582	6806382	0	0	0
24229100	0	0	0	0	0	0	0
0	0	0	0	97914	0	0	0
104606	0	0	0	0	0	0	0
95784	0	0	0	0	0	0	0
95784	0	0	0	0	0	0	0
0	0	0	125802	0	0	0	0
0	0	0	0	7933666	0	0	0
113428	0	0	0	0	0	0	0
0	0	0	0	174714	0	0	67341934
0	0	0	0	97914	0	0	0
0	0	0	0	114686	0	0	0
81290	0	0	0	0	0	0	0
0	0	0	0	0	0	0	6045422
0	0	0	0	110574	0	0	0
0	0	0	9738878	0	0	0	0
125402	0	0	0	0	0	0	0
0	0	0	0	146282	0	0	0
0	0	0	0	110574	0	0	0
96414	0	0	0	0	0	0	0
0	0	0	0	6250470	0	0	0
86016	0	0	0	0	0	0	0
0	0	0	114238	0	0	0	0
0	0	0	0	139250	0	0	0
0	0	0	10280702	0	0	0	0
0	0	134886	282606	0	0	0	0
133592	0	0	0	0	0	0	0
0	0	0	72702	0	0	0	0
82550	0	0	0	0	0	0	0
0	0	0	252910	0	0	0	0
121620	0	0	0	0	0	0	0
0	0	0	85870	0	0	0	0
0	0	0	117622	0	0	0	0
118154	0	0	0	0	0	0	0
0	0	0	0	229226	0	0	0
112572	0	0	0	0	0	0	0
182116	0	0	0	0	0	0	0
0	0	0	0	125554	0	0	0
0	0	0	106290	0	0	0	0
0	0	0	0	125550	0	0	0
68360	0	0	0	0	0	0	0
0	0	0	0	105330	0	0	0
0	0	0	0	114286	0	0	0
0	0	0	0	109542	0	0	0
158800	0	0	0	0	0	0	0
0	0	0	0	76774	0	0	0
160688	0	0	0	0	0	0	0
0	0	0	0	110462	0	0	0
7014872	0	0	0	0	0	0	0
0	0	0	0	134770	0	0	0
0	0	0	0	0	0	0	3116970
0	0	0	0	117614	0	0	0
0	0	0	0	0	0	0	224250
0	0	0	0	130658	0	0	0
0	0	0	0	93034	0	0	0
219812	0	0	0	0	0	0	0
74360	0	0	0	0	0	0	0
0	0	0	0	134114	0	0	0
0	0	0	155390	0	0	0	0
0	0	0	0	114422	0	0	0
194088	0	0	0	0	0	0	0
0	0	0	0	147302	0	0	0
0	0	0	0	114430	0	0	0
81530	0	0	0	0	0	0	0
0	0	0	0	122742	0	0	0
0	0	0	129710	0	0	0	0
0	0	0	0	80754	0	0	0
0	0	0	0	0	0	0	8362930
0	0	0	0	125666	0	0	0
0	0	0	0	141926	0	0	0
88318	0	0	0	0	0	0	0
0	0	0	0	0	0	0	24407034
0	0	0	0	135018	0	0	0
0	0	0	0	174974	0	0	0
0	0	0	188334	0	0	0	0
0	0	0	109218	0	0	0	0
1587986	0	0	0	0	0	0	0
0	0	0	0	101114	0	0	0
150514	0	0	0	0	0	0	0
0	0	0	0	109294	0	0	0
95326	0	0	0	0	0	0	0
0	0	0	0	117502	0	0	0
0	0	0	0	129890	0	0	0
8067858	0	0	0	0	0	0	0
0	0	0	0	245358	0	0	0
0	0	0	0	139250	0	0	0
170580	0	0	0	0	0	0	0
0	0	0	0	77554	0	0	0
0	0	216058	0	0	0	0	0
0	0	0	0	122742	0	0	0
0	0	0	0	106090	0	0	0
134222	0	0	0	0	0	0	0
0	0	0	0	146034	0	0	0
0	0	0	0	0	0	0	5926514
0	0	0	0	0	0	0	4135930
75618	0	0	0	0	0	0	0
321692	0	0	0	0	0	0	0
171836	0	0	0	0	0	0	0
0	0	0	1294134	0	0	0	0
0	0	0	0	102250	0	0	0
0	0	0	81846	0	0	0	0
0	0	0	0	0	0	0	3455798
0	0	0	0	106482	0	0	0
0	0	0	0	147190	0	0	0
0	0	0	0	93034	0	0	0
175814	0	0	0	0	0	0	0
87174	0	0	0	0	0	0	0
0	0	0	0	0	0	0	1526778
0	0	0	0	96874	0	0	0
130442	0	0	0	0	0	0	0
0	0	0	110518	0	0	0	0
0	0	0	125482	0	0	0	0
17542854	0	0	0	0	0	0	0
0	0	184038	0	0	0	0	0
0	0	0	0	12778090	0	0	0
0	0	0	80754	0	0	0	0
0	0	0	0	187374	0	0	0
0	0	0	0	151534	0	0	0
0	0	0	0	97018	0	0	0
185266	0	0	0	0	0	0	0
15572484	0	0	0	0	0	0	0
0	0	0	0	81654	0	0	0
0	0	0	0	4848626	0	0	0
0	0	0	0	97018	0	0	0
0	0	0	0	0	0	0	6880054
0	0	0	0	8665826	0	0	0
0	0	0	77502	0	0	0	937702
159292	0	0	0	0	0	0	0
0	0	0	0	105330	0	0	0
0	0	0	0	625250	0	0	0
83812	0	0	0	0	0	0	0
140122	0	0	0	0	0	0	0
88428	0	0	0	0	0	0	0
0	0	0	0	98154	0	0	0
0	0	0	0	0	0	0	200302
0	0	0	0	163558	0	0	0
0	0	0	0	97258	0	0	0
0	0	0	0	4271730	0	0	0
0	0	0	0	126690	0	0	0
102852	0	0	0	0	0	0	0
177168	0	0	0	0	0	0	0
0	0	0	0	121598	0	0	0
0	0	323302	0	0	0	0	0
0	0	0	0	122598	0	0	0
0	0	0	126634	0	0	0	0
98462	0	0	0	0	0	0	0
1624604	0	0	0	0	0	0	0
0	0	0	0	0	0	0	2653738
0	0	0	0	302698	0	0	0
327680	0	0	0	0	0	0	0
0	0	0	162402	0	0	0	0
110908	0	0	0	0	0	0	0
0	0	0	0	97266	0	0	0
144304	0	0	0	0	0	0	0
0	0	0	0	375806	0	0	0
0	0	0	179062	0	0	0	0
0	0	0	0	134770	0	0	0
171400	0	0	0	0	0	0	0
0	0	0	0	130034	0	0	0
0	134830	0	0	0	0	0	0
0	0	0	16649830	0	0	0	0
98618	0	0	0	0	0	0	0
0	0	0	0	498682	0	0	0
0	0	0	0	146426	0	0	0
0	0	0	84842	0	0	0	0
140208	0	0	0	0	0	0	0
0	0	0	0	77558	0	0	0
0	0	0	0	0	0	0	5902178
0	0	0	0	114286	0	0	0
0	0	0	0	166778	0	0	103280486
0	0	0	0	2951914	0	0	0
0	0	0	134758	0	0	0	0
16914904	0	0	0	0	0	0	0
16305230	0	0	0	0	0	0	0
0	0	0	0	158458	0	0	0
0	0	0	0	155646	0	0	0
178334	0	0	0	0	0	0	0
0	0	0	0	101098	0	0	0
0	0	0	0	110574	0	0	0
0	0	0	0	0	0	0	19823538
0	0	0	0	118654	0	0	0
0	0	0	0	142062	0	0	0
0	0	0	0	97914	0	0	0
461886	0	0	0	0	0	0	0
0	0	0	223986	0	0	0	0
0	0	0	0	76662	0	0	0
0	0	0	0	106106	0	0	0
0	0	0	0	126966	0	0	0
74004	0	0	0	0	0	0	0
0	0	0	0	113518	0	0	0
135482	0	0	0	36067958	0	0	0
0	0	0	0	97018	0	0	0
0	0	0	166702	0	0	0	0
182184	0	0	0	0	0	0	0
0	0	0	0	129890	0	0	0
146122	0	0	0	0	0	0	0
0	0	0	121382	0	0	0	0
117904	0	0	0	0	0	0	0
138596	0	0	0	0	0	0	0
574702	0	0	0	0	0	0	0
94072	0	0	0	0	0	0	102002
84038	0	0	0	0	0	0	0
84126	0	0	0	0	0	0	0
0	0	0	137978	0	0	0	0
0	0	0	0	122878	0	0	0
0	0	0	0	3932026	0	0	0
149886	0	0	0	0	0	0	0
0	0	0	0	0	0	0	3222134
104858	0	0	0	0	0	0	0
0	0	0	133758	0	0	0	0
222008	0	0	0	0	0	0	0
0	0	0	97258	0	0	0	0
0	0	0	0	88694	0	0	0
0	0	0	0	101114	0	0	0
0	0	0	93758	0	0	0	0
567452	0	0	0	0	0	0	0
0	0	68602	0	0	0	0	0
0	0	0	0	277106	0	0	0
0	0	0	98174	0	0	0	0
126368	0	0	0	0	0	0	0
0	0	0	0	88694	0	0	0
0	0	0	0	175994	0	0	0
0	0	0	0	81654	0	0	0
0	0	0	0	114286	0	0	0
0	0	0	0	155366	0	0	0
0	0	0	106302	0	0	0	0
0	0	0	0	142306	0	0	0
175814	0	0	0	0	0	0	0
0	0	0	97826	0	0	0	0
0	0	0	0	216822	0	0	0
0	0	0	0	92922	0	0	0
80346	0	0	0	0	0	0	0
0	0	0	0	125554	0	0	0
0	0	80630	0	0	0	0	0
0	0	0	0	110458	0	0	0
0	0	232182	0	0	0	0	0
0	0	73382	0	0	0	0	0
0	0	0	101154	0	0	0	0
0	0	0	1130210	0	0	0	0
0	0	0	0	0	0	0	6687546
0	0	0	7602166	7605882	0	0	0
0	0	0	0	141922	0	0	0
0	0	0	0	77554	0	0	0
0	0	106154	0	0	0	0	0
0	0	0	0	109290	0	0	0
0	10293038	0	0	0	0	0	0
113428	0	0	0	0	0	0	0
0	0	0	0	81518	0	0	0
91876	0	0	0	0	0	0	0
0	0	0	84530	0	0	0	0
0	0	0	0	118654	0	0	0
0	0	0	175022	0	0	0	0
129192	0	0	0	0	0	0	0
0	0	0	0	85750	0	0	0
533112	0	0	0	0	0	0	0
83638	0	0	0	0	0	0	0
0	0	0	89854	0	0	0	0
390082	0	0	0	0	0	0	0
0	0	0	5054454	0	0	0	0
103792	0	0	0	0	0	0	0
0	0	0	0	122878	0	0	0
0	0	0	0	142306	0	0	0
137658	0	0	0	0	0	0	0
0	0	0	0	118654	0	0	0
97680	0	0	0	0	0	0	0
25586948	0	0	0	0	0	0	0
0	0	0	0	93802	0	0	0
0	0	0	0	110574	0	0	0
86232	0	0	0	0	0	0	0
0	0	0	0	73570	0	0	0
0	0	0	0	88694	0	0	0
0	0	0	0	0	0	0	17324734
0	0	0	0	76670	0	0	0
95154	0	0	0	0	0	0	0
115320	0	0	0	0	0	0	0
132964	0	0	0	0	0	0	0
0	0	0	502454	0	0	0	0
0	0	0	0	89830	0	0	0
0	0	0	76598	0	0	0	0
0	0	0	0	0	0	0	2141178
0	0	0	93990	0	0	0	0
0	0	0	0	191482	0	0	0
0	0	0	77494	0	0	0	0
0	0	0	0	0	0	0	20151918
1697006	1703934	0	0	0	0	0	0
98618	0	0	0	0	0	0	0
0	0	0	0	114286	0	0	0
98304	0	0	0	0	0	0	0
0	0	0	110502	0	0	0	0
0	0	0	0	0	0	0	2342510
127922	0	0	0	0	0	0	0
0	0	0	0	0	0	0	2341810
83496	0	0	0	0	0	0	0
133276	0	0	0	0	0	0	0
117210	0	0	0	0	0	0	0
81606	0	0	0	0	0	0	0
183690	0	0	0	0	0	0	0
0	0	0	0	118654	0	0	0
75258	0	0	0	0	0	0	0
0	0	0	0	84734	0	0	0
0	0	0	72570	0	0	0	0
0	0	0	1194866	0	0	0	0
0	0	0	0	0	0	0	2105258
0	0	0	0	80614	0	0	0
0	84846	0	0	0	0	0	0
0	0	0	0	0	0	0	22035134
178108	0	0	0	0	0	0	0
5849088	0	0	0	0	0	0	0
0	0	0	0	0	0	0	5499514
0	0	0	114406	0	0	0	1842098
0	0	0	0	0	0	0	383798
0	0	0	0	110574	0	0	0
105482	0	0	0	0	0	0	0
0	0	0	0	227942	0	0	0
0	0	0	0	187134	0	0	0
95326	0	0	0	0	0	0	0
302908	0	0	0	0	0	0	0
0	0	0	0	248574	0	0	0
0	0	0	0	0	0	0	4943474
0	0	0	92714	0	0	0	0
0	0	0	2977382	0	0	0	0
0	0	0	0	1252322	0	0	0
132646	0	0	0	0	0	0	5929906
196920	0	0	0	0	0	0	0
0	0	0	0	0	0	0	3222050
0	0	0	0	0	0	0	4119358
0	0	0	0	0	0	0	4787942
0	0	0	0	187246	0	0	0
0	0	0	0	106234	0	0	0
102224	0	0	0	0	0	0	0
0	0	0	81522	0	0	0	0
75884	0	0	0	0	0	0	0
0	0	0	0	204642	0	0	0
0	0	0	0	0	0	0	858930
95954	0	0	0	0	0	0	0
0	0	0	0	98170	0	0	0
0	0	0	0	130922	0	0	0
75524	0	0	0	0	0	0	0
0	0	0	0	159738	0	0	0
68034	0	0	0	0	0	0	0
144868	0	0	0	0	0	0	0
0	0	0	0	0	0	0	569190
242076	0	0	0	0	0	0	0
0	0	0	24141546	0	0	0	0
0	0	0	0	0	0	0	24374078
0	0	175034	0	0	0	0	0
0	0	0	0	11602914	0	0	0
258364	0	0	0	0	0	0	0
154902	0	0	0	0	0	0	0
0	0	0	0	0	0	0	4700706
0	0	0	88746	0	0	0	0
118530	0	0	0	0	0	0	0
286088	0	0	0	0	0	0	0
0	0	0	0	0	0	0	572970
0	0	0	761650	765822	0	0	0
0	0	0	0	85750	0	0	0
146122	0	0	0	0	0	0	0
0	0	0	0	102010	0	0	0
0	0	0	0	0	0	0	2977510
0	0	77798	0	0	0	0	0
0	0	0	0	0	0	0	465722
0	0	0	0	102010	0	0	0
0	0	0	0	4074222	0	0	0
0	0	0	72446	0	0	0	0
0	15462334	0	0	0	0	0	0
0	0	146430	0	0	0	0	0
0	0	0	0	0	0	0	5061154
0	0	0	0	85886	0	0	0
118530	0	0	0	0	0	0	0
19280126	0	0	0	0	0	0	0
79400	0	0	0	0	0	0	0
3698550	0	0	0	0	0	0	0
0	0	0	0	125666	0	0	0
0	0	0	0	109294	0	0	0
0	0	0	0	1587942	0	0	0
114768	0	0	0	0	0	0	0
0	0	0	0	88806	0	0	0
162744	0	0	0	0	0	0	0
0	0	0	458622	0	0	0	0
0	109349422	0	0	102394	0	0	0
88852	0	0	0	0	0	0	0
104606	0	0	0	0	0	0	0
0	0	0	0	6221682	0	0	0
0	0	0	0	90086	0	0	0
82156	0	0	0	0	0	0	0
97208	0	0	0	0	0	0	0
0	0	0	0	109438	0	0	0
74990	0	0	0	0	0	0	0
0	0	0	117282	0	0	0	0
0	0	0	0	125666	0	0	0
0	0	0	179186	0	0	0	0
135774	0	0	0	0	0	0	0
0	0	0	0	106106	0	0	0
69300	0	0	0	0	0	0	0
0	0	0	0	327266	0	0	0
0	0	0	0	80614	0	0	0
0	0	0	0	106106	0	0	0
0	0	0	0	80610	0	0	0
0	0	0	0	113518	0	0	0
0	0	0	0	147190	0	0	0
0	0	0	0	0	0	0	1596966
0	0	0	0	0	0	0	2353698
0	0	0	0	143202	0	0	0
0	0	0	0	142058	0	0	0
0	0	0	0	105066	0	0	0
0	0	0	0	0	0	0	827306
1630874	0	0	0	0	0	0	0
127292	0	0	0	0	0	0	0
0	0	0	0	101242	0	0	0
0	0	0	0	84838	0	0	0
169826	0	0	0	0	0	0	0
0	0	0	2345706	0	0	0	0
81530	0	0	0	0	0	0	0
7634472	0	0	0	0	0	0	0
0	0	0	0	84606	0	0	0
0	0	0	0	105066	0	0	0
0	0	0	0	273266	0	0	0
0	0	0	0	0	0	0	3275770
0	0	0	0	106234	0	0	0
0	0	0	0	0	0	0	7322302
0	0	0	114486	0	0	0	0
146194	0	0	0	0	0	0	0
0	0	0	215906	0	0	0	0
0	30690158	0	0	1089146	0	0	0
112036	0	0	0	0	0	0	0
103792	0	0	0	0	0	0	0
0	0	0	0	76390	0	0	0
0	0	0	0	203362	0	0	0
98776	0	0	0	0	0	0	0
3806104	0	0	0	0	0	0	0
0	19030014	0	0	0	0	0	0
0	0	0	0	77670	0	0	0
0	0	0	0	126834	0	0	0
0	0	0	0	241646	0	0	0
117840	0	0	0	0	0	0	0
95954	0	0	0	0	0	0	0
0	0	0	81714	0	0	0	0
105864	0	0	0	0	0	0	0
105988	0	0	0	0	0	0	0
0	0	0	0	126706	0	0	0
0	0	0	0	146282	0	0	0
80660	0	0	0	0	0	0	0
0	0	0	0	171002	0	0	0
0	0	0	215918	0	0	0	0
153126	0	0	0	0	0	0	0
0	0	0	0	84982	0	0	0
0	0	0	109486	0	0	0	0
0	0	0	100910	0	0	0	0
0	0	0	0	76526	0	0	0
95154	0	0	0	0	0	0	0
87592	0	0	0	0	0	0	0
0	0	0	0	0	0	0	4713466
0	0	0	117622	0	0	0	0
0	16775934	0	0	0	0	0	0
0	0	0	155562	0	0	0	0
0	0	0	0	72434	0	0	0
131702	0	0	0	0	0	0	0
0	0	0	0	204786	0	0	0
98936	0	0	0	0	0	0	0
254618	0	0	0	0	0	0	0
0	0	0	0	77670	0	0	0
0	0	0	0	154342	0	0	0
0	0	0	228274	0	0	0	0
8207678	0	0	0	0	0	0	0
108388	0	0	0	0	0	0	0
0	0	0	147258	0	0	0	0
102716	0	0	0	0	0	0	0
84664	0	0	0	0	0	0	0
0	0	0	0	130658	0	0	0
0	0	0	77366	0	0	0	0
0	103328302	0	0	106234	0	0	0
172464	0	0	0	0	0	0	0
0	0	0	0	89974	0	0	0
0	0	0	0	0	0	0	7159722
313256	0	0	0	0	0	0	0
0	0	0	0	101098	0	0	0
77510	0	0	0	0	0	0	0
0	0	0	0	113382	0	0	0
124488	0	0	0	0	0	0	0
0	0	0	0	212834	0	0	0
176324	0	0	0	0	0	0	0
89682	0	0	0	0	0	0	0
0	0	0	0	97254	0	0	0
15930578	0	0	0	0	0	0	0
144868	0	0	0	0	0	0	0
84350	0	0	0	0	0	0	0
0	0	0	0	73714	0	0	0
0	0	0	0	141922	0	0	0
0	0	0	0	121710	0	0	0
153126	0	0	0	0	0	0	0
141732	0	0	57491382	0	0	0	0
0	0	0	0	106106	0	0	0
158354	0	0	0	0	0	0	26607146
122250	0	0	0	0	0	0	0
0	0	0	0	0	0	0	5446578
0	0	0	0	81662	0	0	0
0	0	0	0	0	0	0	23116594
0	0	0	110382	0	0	0	0
149750	0	0	0	0	0	0	0
0	0	0	0	0	0	0	2202422
0	0	0	0	0	0	0	125946
1964190	0	0	0	0	0	0	0
0	0	0	0	102010	0	0	0
0	0	0	0	89830	0	0	0
0	0	0	0	0	0	0	2169778
0	0	0	0	89830	0	0	0
0	0	0	0	166778	0	0	0
0	0	0	0	122494	0	0	0
0	0	0	0	110326	0	0	0
0	0	0	0	125666	0	0	0
0	0	138210	0	0	0	0	0
0	0	0	0	138210	0	0	0
0	0	0	0	126834	0	0	0
0	0	0	0	92922	0	0	0
0	0	0	97974	0	0	0	0
92190	0	0	0	0	0	0	0
0	0	0	933690	0	0	0	0
0	0	0	0	147298	0	0	0
0	0	0	0	0	0	0	2293290
110906	0	0	0	0	0	0	0
0	0	0	0	105066	0	0	0
0	0	0	0	184054	0	0	0
0	0	0	0	6319098	0	0	0
0	0	0	0	0	0	0	13974206
0	0	0	0	0	0	0	2985586
0	0	0	0	171642	0	0	0
203820	0	0	0	0	0	0	0
81216	0	0	0	0	0	0	0
0	0	0	84910	0	0	0	0
0	0	0	0	97018	0	0	0
0	0	0	0	94198	0	0	0
95784	0	0	0	0	0	0	0
0	0	0	0	151142	0	0	0
112886	0	0	0	0	0	0	0
0	0	0	0	93802	0	0	0
0	0	0	92714	0	0	0	0
0	0	0	0	216054	0	0	0
0	0	4894438	0	0	0	0	0
0	0	0	0	80498	0	0	0
0	0	0	0	98154	0	0	0
0	0	0	129698	0	0	0	0
0	0	0	0	0	0	0	814822
0	0	0	0	98290	0	0	0
0	0	0	0	84838	0	0	0
10533022	0	0	0	0	0	0	0
0	0	0	0	109438	0	0	0
0	0	0	0	85750	0	0	0
179754	0	0	0	0	0	0	61774770
0	0	0	0	81766	0	0	0
0	0	0	0	0	0	0	5921586
0	0	0	0	102250	0	0	0
0	0	0	0	76774	0	0	0
136088	0	0	0	0	0	0	0
111224	0	0	0	0	0	0	0
69298	0	0	0	0	0	0	0
0	0	0	0	0	0	0	8674106
0	0	0	0	77558	0	0	0
0	0	0	122722	0	0	0	0
0	0	0	0	80614	0	0	0
0	0	0	0	106090	0	0	0
81290	0	0	0	0	0	0	0
0	0	0	0	117374	0	0	0
0	0	0	0	0	0	0	8415862
0	0	0	0	0	0	0	880242
0	0	0	0	92922	0	0	0
0	0	0	0	0	0	0	7364134
0	0	0	0	21576306	0	0	0
0	0	0	178742	0	0	0	0
93444	0	0	0	0	0	0	0
0	0	0	0	110462	0	0	54115250
0	0	0	0	89974	0	0	0
0	0	0	0	219878	0	0	0
0	0	0	0	97018	0	0	0
0	0	0	0	0	0	0	519918
0	0	0	0	0	0	0	694974
0	0	0	0	96874	0	0	0
86332	0	0	0	0	0	0	0
0	0	0	0	101242	0	0	0
0	0	0	0	77670	0	0	0
0	0	0	0	249582	0	0	0
0	0	0	0	555902	0	0	0
127292	0	0	0	0	0	0	0
106496	0	0	0	0	0	0	0
0	0	0	0	5401314	0	0	0
0	0	0	0	93158	0	0	0
102400	0	0	0	0	0	0	0
0	0	0	1424114	0	0	0	0
4833984	0	0	0	0	0	0	0
201624	0	0	0	0	0	0	0
0	0	0	0	84982	0	0	0
0	0	0	0	0	0	0	962278
0	0	0	106018	0	0	0	0
102086	0	0	0	0	0	0	0
0	0	0	0	73338	0	0	0
0	0	0	0	110326	0	0	0
3106030	0	0	0	0	0	0	0
0	0	89082	0	0	0	0	0
0	0	0	490106	0	0	0	0
0	0	0	0	118510	0	0	0
0	0	0	0	85606	0	0	0
103976	0	0	0	0	0	0	0
96730	0	0	0	0	0	0	0
0	0	0	0	109438	0	0	0
125402	0	0	0	0	0	0	0
0	0	0	0	4714226	0	0	0
0	0	0	0	88830	0	0	0
0	0	0	740326	0	0	0	0
124772	0	0	0	0	0	0	0
0	0	0	0	76390	0	0	0
147456	0	0	0	0	0	0	0
1138056	0	0	0	0	0	0	0
0	0	0	0	102394	0	0	0
1067480	0	0	0	0	0	0	1089262
0	0	0	0	204786	0	0	0
0	0	0	0	233082	0	0	89930274
0	0	0	0	93938	0	0	0
126662	0	0	0	0	0	0	0
0	0	0	84966	0	0	0	0
0	0	0	0	109182	0	0	0
0	0	0	0	0	0	0	10586746
0	0	138214	0	0	0	0	0
0	0	0	221046	0	0	0	0
140524	0	0	0	0	0	0	0
67740	0	0	0	0	0	0	0
150384	0	0	0	0	0	0	0
0	0	0	0	133730	0	0	0
0	0	0	0	73570	0	0	0
68058	0	0	0	0	0	0	0
68056	0	0	0	0	0	0	0
0	0	0	0	109294	0	0	0
0	0	0	77734	0	0	0	0
0	0	0	155322	0	0	0	0
118470	0	0	0	0	0	0	0
0	0	0	0	135162	0	0	0
112798	0	0	0	0	0	0	0
0	0	0	0	0	0	0	13859646
0	0	0	0	101354	0	0	0
0	0	0	0	97122	0	0	0
0	0	0	0	184190	0	0	0
0	0	0	0	97914	0	0	0
199772	0	0	0	0	0	0	0
0	0	0	125934	0	0	0	0
104606	0	0	0	0	0	0	0
0	0	0	0	0	0	0	465598
0	0	0	84834	0	0	0	0
0	0	0	0	97018	0	0	0
0	0	0	3767038	0	0	0	0
965082	0	0	0	0	0	0	0
0	0	0	0	0	0	0	19540902
0	0	0	0	114286	0	0	0
120988	0	0	0	0	0	0	0
90112	0	0	0	0	0	0	0
0	0	0	0	0	0	0	535266
0	0	0	0	0	0	0	1907298
0	0	0	0	0	0	0	1617646
0	0	0	0	77430	0	0	0
541932	0	0	0	0	0	0	0
0	0	0	0	0	0	0	11079406
0	0	0	0	117606	0	0	0
0	0	0	0	126834	0	0	0
0	0	0	0	200562	0	0	0
0	0	0	0	85750	0	0	0
150606	0	0	0	0	0	0	0
107442	0	0	0	0	0	0	0
0	0	0	0	0	0	0	1301302
0	0	0	0	0	0	0	3086966
140524	0	0	0	0	0	0	0
132646	0	0	0	0	0	0	0
0	0	0	0	0	0	0	7154366
111224	0	0	0	0	0	0	0
0	0	0	89974	0	0	0	0
0	0	0	0	1765090	0	0	0
88222	0	0	0	0	0	0	0
0	0	0	0	0	0	0	8624954
0	0	0	0	0	0	0	11931246
70578	0	0	0	0	0	0	0
79400	0	0	0	0	0	0	0
126976	0	0	0	0	0	0	0
145564	0	0	0	0	0	0	0
127922	0	0	0	0	0	0	0
0	0	0	0	77806	0	0	0
0	0	0	0	0	0	0	187190
0	0	0	0	89070	0	0	0
0	0	0	0	0	0	0	2412210
0	0	0	0	0	0	0	15907518
0	0	0	0	76390	0	0	0
0	0	0	1231594	0	0	0	0
0	0	0	0	203362	0	0	0
104606	0	0	0	0	0	0	0
115950	0	0	0	0	0	0	0
0	0	0	0	100962	0	0	0
123512	0	0	0	0	0	0	0
0	0	0	113594	0	0	0	0
0	0	0	0	150518	0	0	0
0	0	0	0	85606	0	0	0
0	0	0	0	0	0	0	23805866
0	0	0	121590	0	0	0	0
10377374	0	0	0	0	0	0	0
0	0	0	102194	0	0	0	0
92634	0	0	0	0	0	0	0
0	0	0	0	0	0	0	527354
80030	0	0	0	0	0	0	0
0	0	0	159334	0	0	0	0
0	0	72698	0	0	0	0	0
0	0	0	0	89974	0	0	0
0	0	0	0	96874	0	0	0
70578	0	0	0	0	0	0	0
0	0	0	0	121462	0	0	0
0	0	0	0	81766	0	0	0
0	0	0	105394	0	0	0	0
88222	0	0	0	0	0	0	0
0	0	0	0	109182	0	0	0
0	0	0	0	159334	0	0	0
139894	0	0	0	0	0	0	0
0	0	0	137842	0	0	0	0
142306	0	0	0	0	0	0	0
2181190	0	0	0	0	0	0	0
163208	0	0	0	0	0	0	0
0	0	0	0	314358	0	0	0
0	0	0	72570	0	0	0	0
0	2170558	0	0	0	0	0	0
0	0	0	0	151142	0	0	0
0	0	0	0	122494	0	0	0
0	0	0	0	249726	0	0	0
0	0	0	0	0	0	0	2653734
0	0	163554	0	0	0	0	0
0	0	0	0	158714	0	0	0
0	0	0	0	0	0	0	187966
0	0	0	0	0	0	0	830458
0	0	0	118766	0	0	0	0
0	0	0	0	97018	0	0	0
0	0	0	0	0	0	0	6295102
0	0	0	130942	0	0	0	0
0	0	0	0	81898	0	0	0
0	0	0	102194	0	0	0	0
0	0	0	81470	0	0	0	0
0	0	0	101030	0	0	0	0
0	0	0	0	0	0	0	9346598
0	0	0	81910	0	0	0	0
0	0	0	0	126590	0	0	0
154386	0	0	0	0	0	0	0
0	0	0	0	109294	0	0	0
265924	0	0	0	0	0	0	0
0	0	0	0	2150134	0	0	0
76250	0	0	0	0	0	0	0
0	0	0	89954	0	0	0	0
0	0	0	0	0	0	0	22384366
0	0	0	0	0	0	0	1433514
0	0	0	0	126570	0	0	0
84038	0	0	0	0	0	0	0
0	0	0	138110	0	0	0	0
0	0	0	0	101098	0	0	0
0	0	0	0	89830	0	0	0
0	0	0	89646	0	0	0	0
76250	0	0	0	0	0	0	0
97206	0	0	0	0	0	0	0
0	0	0	155510	0	0	0	0
0	0	0	129958	0	0	0	0
0	0	0	0	88830	0	0	0
0	0	0	0	101242	0	0	0
413284	0	0	0	0	0	0	57581170
0	0	555958	0	0	0	0	0
0	0	0	0	1953662	0	0	0
121710	0	0	0	0	0	0	0
0	0	0	0	84982	0	0	0
0	0	0	0	0	0	0	864170
0	0	0	945898	936806	0	0	0
0	0	0	0	0	0	0	179950
0	0	0	0	121710	0	0	0
0	0	0	0	101242	0	0	0
0	0	0	0	81518	0	0	0
105236	0	0	0	0	0	0	0
0	0	0	0	0	0	0	765550
81288	0	0	0	0	0	0	0
0	0	0	0	125802	0	0	0
0	0	0	170810	0	0	0	0
122880	0	0	0	0	0	0	0
0	0	0	2047802	0	0	0	0
0	0	0	0	139250	0	0	0
165730	0	0	0	0	0	0	0
116580	0	0	0	0	0	0	0
0	0	0	1686458	0	0	0	0
0	0	0	0	92922	0	0	0
80030	0	0	0	0	0	0	0
0	0	0	0	134882	0	0	0
196608	0	0	0	0	0	0	0
0	0	0	0	3410546	0	0	0
0	0	0	0	89974	0	0	0
8784018	0	0	0	0	0	0	0
3414142	0	0	0	0	0	0	0
0	0	0	0	129778	0	0	0
0	9989758	0	0	0	0	0	0
0	0	0	0	106090	0	0	78503538
134222	0	0	0	0	0	0	0
0	0	0	0	2890338	0	0	0
101598	0	0	0	0	0	0	0
0	0	0	0	9173746	0	0	0
0	0	0	0	11505658	0	0	0
0	0	0	0	77670	0	0	0
0	0	0	0	89974	0	0	0
90112	0	0	0	0	0	0	0
100196	0	0	0	0	0	0	0
126662	0	0	0	0	0	0	0
8375376	0	0	0	0	0	0	0
0	0	0	0	3603298	0	0	0
0	0	0	72626	0	0	0	0
0	0	0	200486	0	0	0	0
119730	0	0	0	0	0	0	0
0	0	0	134950	0	0	0	0
165252	0	0	0	0	0	0	0
72468	0	0	0	0	0	0	0
0	0	0	0	134114	0	0	0
0	0	0	0	92898	0	0	0
0	0	0	0	101098	0	0	0
0	0	0	113202	0	0	0	0
111632	0	0	0	0	0	0	0
0	0	0	404330	0	0	0	0
0	0	0	2698806	0	0	0	0
0	0	0	0	97010	0	0	0
0	0	0	0	200306	0	0	0
0	0	0	0	118510	0	0	0
0	0	0	141986	0	0	0	0
122250	0	0	0	0	0	0	1403898
0	0	0	0	958074	0	0	0
0	0	0	159738	0	0	0	0
76770	0	0	0	0	0	0	0
0	0	0	0	0	0	0	4238014
78394	0	0	0	0	0	0	0
0	0	0	0	73714	0	0	0
0	0	0	0	933482	0	0	0
198480	0	0	0	0	0	0	0
129192	0	0	0	0	0	0	0
0	0	0	141922	0	0	0	0
91248	0	0	0	0	0	0	0
0	0	0	0	131058	0	0	0
0	0	0	0	84982	0	0	0
0	0	0	118766	0	0	0	0
76826	0	0	0	0	0	0	0
0	0	0	0	155510	0	0	5532666
148548	0	0	0	0	0	0	0
0	0	0	0	77666	0	0	0
0	0	0	0	130030	0	0	0
0	0	174770	0	0	0	0	0
0	0	0	0	114422	0	0	0
0	0	0	0	80894	0	0	0
0	0	0	0	84982	0	0	0
9304858	0	0	0	0	0	0	0
0	0	0	0	0	0	0	2715366
0	0	0	0	4291174	0	0	0
0	0	0	0	18915178	0	0	18947622
0	0	0	0	125554	0	0	0
0	0	0	0	0	0	0	3070782
93264	0	0	0	0	0	0	0
359510	0	0	0	0	0	0	0
0	0	0	0	0	0	0	1900458
0	0	0	0	93034	0	0	0
141784	0	0	0	0	0	0	0
0	0	0	0	90086	0	0	0
69300	0	0	0	0	0	0	0
85292	0	0	0	0	0	0	0
100344	0	0	0	0	0	0	0
0	0	0	0	154230	0	0	0
0	0	0	0	150270	0	0	0
0	0	0	0	150270	0	0	0
133568	0	0	0	0	0	0	0
0	0	0	0	0	0	0	932666
145880	0	0	0	0	0	0	0
79892	0	0	0	0	0	0	0
0	0	0	0	109294	0	0	0
4228484	0	0	0	0	0	0	0
23170582	0	0	0	0	0	0	0
0	0	0	0	0	0	0	891826
0	0	0	15084470	0	0	0	0
0	0	0	0	96874	0	0	0
0	0	0	0	76386	0	0	0
123272	0	0	0	0	0	0	0
0	126574	0	0	0	0	0	4803106
0	0	0	0	101354	0	0	0
0	0	364270	187182	0	0	0	0
0	0	85950	0	0	0	0	0
0	0	0	0	113518	0	0	0
80900	0	0	0	0	0	0	0
0	0	0	84534	0	0	0	0
0	0	0	105394	0	0	0	0
154702	0	0	0	0	0	0	0
79020	0	0	0	0	0	0	0
120726	0	0	0	0	0	0	0
0	0	0	0	89830	0	0	0
84038	0	0	0	0	0	0	0
0	0	0	0	163706	0	0	0
0	0	0	0	93162	0	0	0
75932	0	0	0	0	0	0	0
0	0	0	0	0	0	0	805494
0	0	0	97022	0	0	0	0
0	0	0	0	0	0	0	5786618
82156	0	0	0	0	0	0	0
0	0	0	80826	0	0	0	0
0	0	0	0	0	0	0	2230902
86860	0	0	0	0	0	0	0
153648	0	0	0	0	0	0	0
0	0	0	0	0	0	0	155374
0	0	0	113258	0	0	0	0
0	0	0	155178	0	0	0	0
0	0	0	0	89070	0	0	0
122920	0	0	0	0	0	0	0
127310	0	0	0	0	0	0	0
0	0	0	0	117502	0	0	0
180856	0	0	0	0	0	0	0
0	0	0	0	179054	0	0	0
0	0	0	266222	0	0	0	0
0	0	0	85682	0	0	0	0
0	0	0	20228650	0	0	0	0
0	0	0	0	219878	0	0	0
0	0	0	0	0	0	0	481982
0	0	0	184054	0	0	0	0
86332	0	0	0	0	0	0	0
0	0	0	110518	0	0	0	0
192846	0	0	0	0	0	0	0
83724	0	0	0	0	0	0	0
0	0	0	0	0	0	0	7158586
0	0	0	0	6744690	0	0	0
0	0	0	0	102010	0	0	0
0	0	0	0	92786	0	0	0
0	0	93178	0	0	0	0	0
0	0	0	0	81766	0	0	0
22836146	0	0	0	0	0	0	0
0	0	0	0	77806	0	0	1235578
0	0	0	0	81890	0	0	0
80030	0	0	0	0	0	0	0
0	0	0	81650	0	0	0	0
0	0	0	73530	0	0	0	0
99250	0	0	0	0	0	0	0
191592	0	0	0	0	0	0	0
0	0	0	0	133730	0	0	0
0	0	0	0	109182	0	0	0
0	0	0	0	208766	0	0	0
127292	0	0	0	0	0	0	0
86962	0	0	0	0	0	0	0
183126	0	0	0	0	0	0	0
0	0	0	0	0	0	0	14871358
194728	0	0	0	0	0	0	0
77510	0	0	0	0	0	0	0
0	0	0	2236086	2236026	0	0	0
0	0	0	0	0	0	0	331618
0	0	0	0	80610	0	0	0
0	0	0	0	2157170	0	0	0
0	0	0	0	122494	0	0	0
0	0	0	404142	0	0	0	0
0	0	0	0	187134	0	0	0
114688	0	0	0	0	0	0	0
84442	0	0	0	0	0	0	0
0	0	3578802	3574782	0	0	0	0
0	0	0	0	130026	0	0	0
0	0	0	0	0	0	0	93926
0	0	0	0	0	0	0	1380078
19357064	0	0	0	0	0	0	0
0	0	0	0	15634426	0	0	0
289242	0	0	0	0	0	0	0
108702	0	0	0	0	0	0	0
0	0	1990570	0	0	0	0	0
0	0	0	0	0	0	0	25247270
0	0	3182566	0	0	0	0	0
167306	0	0	0	0	0	0	0
0	0	0	0	0	0	0	416762
562098	0	0	0	0	0	0	0
134520	0	0	0	0	0	0	0
0	0	0	100898	0	0	0	0
0	0	0	15834678	0	0	0	0
102716	0	0	0	0	0	0	0
0	0	0	0	11021286	0	0	0
0	0	0	92834	0	0	0	0
120990	0	0	0	0	0	0	0
548434	0	0	0	0	0	0	0
126389956	0	0	0	106090	0	0	0
19049552	0	0	0	0	0	0	0
109648	0	0	0	0	0	0	0
0	0	0	0	129890	0	0	0
0	0	0	0	88694	0	0	0
0	0	0	81714	0	0	0	0
119100	0	0	0	0	0	0	0
251484	0	0	0	0	0	0	0
0	0	0	0	0	0	0	723490
0	0	0	0	76390	0	0	0
0	0	0	129910	0	0	0	0
114140	0	0	0	0	0	0	0
0	0	0	0	171882	0	0	0
0	0	0	0	98026	0	0	0
0	0	0	0	88694	0	0	0
0	0	0	0	90110	0	0	0
0	0	0	101170	0	0	0	0
0	0	0	0	147186	0	0	0
0	0	0	0	105202	0	0	0
0	0	0	0	101354	0	0	0
0	0	0	0	98154	0	0	0
0	0	0	0	0	0	0	904934
0	0	0	89854	0	0	0	0
72402	0	0	0	0	0	0	0
0	0	0	92914	0	0	0	0
25536148	0	0	0	0	0	0	0
0	0	0	0	113662	0	0	0
75572	0	0	0	0	0	0	0
0	0	0	77822	0	0	0	0
75884	0	0	0	0	0	0	0
0	0	0	0	9579494	0	0	0
0	0	0	0	0	0	0	6290986
112258	0	0	0	0	0	0	0
0	0	0	0	106106	0	0	3009058
0	0	0	0	3510266	0	0	0
102852	0	0	0	0	0	0	0
0	0	0	0	0	0	0	13703870
150514	0	0	0	0	0	0	0
71838	0	0	0	0	0	0	0
0	0	0	85678	0	0	0	0
0	0	0	0	154230	0	0	0
0	0	0	0	121710	0	0	0
0	0	0	0	0	0	0	461818
0	0	0	0	118654	0	0	0
193474	0	0	0	0	0	0	0
0	0	0	0	0	0	0	2526830
0	0	0	101030	0	0	0	0
0	0	0	0	126946	0	0	0
153758	0	0	0	0	0	0	0
0	0	0	0	130034	0	0	0
0	0	0	0	232034	0	0	0
139850	0	0	0	0	0	0	0
76250	0	0	0	0	0	0	0
100196	0	0	0	0	0	0	0
0	0	0	69294	0	0	0	0
0	0	0	0	98154	0	0	0
77510	0	0	0	0	0	0	0
0	0	0	0	174830	0	0	0
86962	0	0	0	0	0	0	0
0	0	0	0	94202	0	0	0
102400	0	0	0	0	0	0	0
0	0	0	0	0	0	0	732902
100826	0	0	0	0	0	0	0
81290	0	0	0	0	0	0	0
0	0	0	73250	0	0	0	0
0	0	0	0	118518	0	0	0
0	0	0	117482	0	0	0	0
98620	0	0	0	0	0	0	0
97044	0	0	0	0	0	0	0
0	0	0	0	77426	0	0	0
75934	0	0	0	0	0	0	0
0	0	0	170810	0	0	0	0
7433296	0	0	0	0	0	0	0
129182	0	0	0	0	0	0	0
134222	0	0	0	0	0	0	0
0	0	0	0	0	0	0	2084582
116894	0	0	0	0	0	0	0
134222	0	0	0	0	0	0	0
128552	0	0	0	0	0	0	0
0	0	0	0	122606	0	0	0
149978	0	0	0	0	0	0	203454
0	0	0	129590	0	0	0	0
81288	0	0	0	0	0	0	0
92004	0	0	0	0	0	0	0
0	0	0	0	106234	0	0	0
0	0	0	0	241646	0	0	0
0	0	0	129910	0	0	0	0
0	24845886	0	0	0	0	0	0
0	0	0	0	110438	0	0	0
0	0	0	0	77670	0	0	0
0	0	0	0	551670	0	0	0
74360	0	0	0	0	0	0	0
103032	0	0	0	0	0	0	0
0	0	0	0	245358	0	0	0
0	0	0	155498	0	0	0	0
0	0	0	4008566	0	0	0	0
129182	0	0	0	0	0	0	0
0	0	0	0	72434	0	0	0
0	0	0	0	102010	0	0	0
0	0	0	109498	0	0	0	0
0	0	0	0	0	0	0	2399026
0	0	0	0	0	0	0	4160310
0	0	0	130982	0	0	0	0
0	0	0	0	0	0	0	4279846
0	0	0	105394	0	0	0	0
0	0	0	0	0	0	0	1129274
0	0	0	72250	0	0	0	0
0	0	0	0	0	0	0	11176482
131072	0	0	0	0	0	0	0
0	0	0	0	150374	0	0	0
0	0	0	0	176110	0	0	0
0	0	0	0	133746	0	0	0
0	0	0	0	0	0	0	2752426
0	0	0	0	162686	0	0	0
0	0	4485090	4480618	483190	0	0	0
0	0	0	0	0	0	0	2178914
0	0	0	0	102250	0	0	0
105236	0	0	0	0	0	0	0
0	0	0	0	84982	0	0	0
103032	0	0	0	0	0	0	0
0	0	0	0	109294	0	0	0
0	0	0	0	8133218	0	0	0
92634	0	0	0	0	0	0	2969318
107758	0	0	0	0	0	0	0
0	0	0	0	106106	0	0	0
3909476	0	0	0	0	0	0	0
0	0	0	77502	0	0	0	0
3455134	0	0	0	0	0	0	0
0	0	89014	0	0	0	0	0
0	0	0	0	73714	0	0	0
109018	0	0	0	0	0	0	0
0	0	0	0	147194	0	0	0
0	0	0	0	0	0	0	8810222
104606	0	0	0	0	0	0	0
0	0	0	0	85606	0	0	0
81920	0	0	0	0	0	0	0
0	0	0	0	121598	0	0	0
0	0	0	0	110574	0	0	0
107128	0	0	0	0	0	0	0
253322	0	0	0	0	0	0	0
20750336	0	0	0	0	0	0	0
0	0	0	14723758	0	0	0	0
102714	0	0	0	0	0	0	0
0	0	0	22010482	0	0	0	0
0	0	0	88822	0	0	0	0
129182	0	0	0	0	0	0	0
0	0	0	0	0	0	0	8249258
241348	0	0	0	0	0	0	0
163840	0	0	0	0	0	0	0
91374	0	0	0	0	0	0	0
82552	0	0	0	0	0	0	0
109648	0	0	0	0	0	0	0
134222	0	0	0	0	0	0	0
0	0	0	0	0	0	0	1482666
68058	0	0	0	0	0	0	0
0	0	0	84966	0	0	0	0
0	0	0	0	141922	0	0	0
0	0	0	0	196594	0	0	0
0	0	146110	0	0	0	0	0
139894	0	0	0	0	0	0	0
144304	0	0	0	0	0	0	0
0	0	0	0	101098	0	0	0
0	0	0	252530	0	0	0	0
0	0	0	0	114530	0	0	0
0	0	0	0	1936122	0	0	0
0	0	0	0	93162	0	0	0
0	0	0	0	100962	0	0	0
68056	0	0	0	0	0	0	0
96414	0	0	0	0	0	0	0
0	0	0	0	887410	0	0	0
0	0	0	0	163686	0	0	0
0	0	0	0	1870586	0	0	0
0	0	0	0	200418	0	0	0
0	0	0	432678	0	0	0	0
0	0	0	0	106106	0	0	0
0	0	0	0	93802	0	0	0
0	0	0	0	102258	0	0	0
0	0	0	0	113518	0	0	0
0	0	0	0	0	0	0	6446830
89682	0	0	0	0	0	0	0
0	0	0	125482	0	0	0	0
0	0	0	0	88694	0	0	0
0	13192814	0	0	0	0	0	0
139894	0	0	0	0	0	0	0
0	0	0	0	130682	0	0	0
0	0	0	0	155262	0	0	0
0	0	0	0	114430	0	0	0
0	0	0	93154	0	0	0	0
0	0	0	0	0	0	0	15383230
0	0	0	0	88694	0	0	0
0	0	0	0	0	0	0	850622
0	0	0	0	81762	0	0	0
0	0	0	0	2633330	0	0	0
96414	0	0	0	0	0	0	0
0	0	0	0	5835378	0	0	0
0	0	0	0	707438	0	0	0
0	0	0	174954	0	0	0	0
801554	0	0	0	0	0	0	0
98304	0	0	0	0	0	0	0
0	0	0	0	105058	0	0	0
0	0	0	0	93162	0	0	0
13095856	0	0	0	0	0	0	0
0	0	0	0	73714	0	0	0
0	0	0	109098	0	0	0	0
69002	0	0	0	0	0	0	0
0	0	0	0	0	0	0	994298
0	0	0	7711526	0	0	0	0
0	0	0	0	85606	0	0	0
0	0	0	0	139250	0	0	0
0	0	0	0	208626	0	0	0
0	0	0	0	76774	0	0	0
0	0	0	0	0	0	0	1908650
131702	0	0	0	0	0	0	0
6452146	0	0	0	0	0	0	0
0	0	0	97142	0	0	0	0
104420	0	0	0	0	0	0	0
0	0	0	0	184302	0	0	0
0	0	142258	0	0	0	0	0
0	0	0	0	117750	0	0	0
0	0	0	0	101242	0	0	0
96414	0	0	0	0	0	0	0
0	0	0	0	216678	0	0	0
0	0	0	0	130034	0	0	0
68372	0	0	0	0	0	0	0
0	0	0	174902	0	0	0	0
813530	0	0	0	0	0	0	0
89682	0	0	0	0	0	0	0
0	0	0	118446	0	0	0	0
0	0	0	0	134114	0	0	0
0	0	0	0	122742	0	0	0
75620	0	0	0	0	0	0	0
0	0	0	0	105066	0	0	0
150198	0	0	0	0	0	0	0
0	0	0	97206	0	0	0	0
0	0	0	0	129786	0	0	0
157726	0	0	0	0	0	0	0
0	0	0	150194	0	0	0	0
0	0	0	167478	0	0	0	0
0	0	0	0	122878	0	0	0
0	0	141998	0	0	0	0	0
0	0	0	0	0	0	0	6479718
197234	0	0	0	0	0	0	0
0	0	0	155370	0	0	0	0
0	0	0	0	2662250	0	0	0
197238	0	0	0	0	0	0	0
0	0	0	0	0	0	0	821794
0	0	0	0	2919146	0	0	0
0	0	0	0	81654	0	0	0
249662	0	0	0	0	0	0	0
0	0	0	6236770	0	0	0	0
0	0	0	0	80750	0	0	0
137970	0	0	0	0	0	0	0
0	0	0	0	98026	0	0	0
0	0	0	125802	0	0	0	0
0	0	0	0	98290	0	0	0
0	0	0	0	142966	0	0	0
0	0	0	0	0	0	0	16038710
0	0	0	81442	0	0	0	0
0	105278	0	0	0	0	0	0
0	92035710	0	0	0	0	0	5099122
0	0	0	0	9182066	0	0	0
104604	0	0	0	0	0	0	0
530588	0	0	0	0	0	0	0
0	0	0	0	90086	0	0	0
0	0	0	0	113662	0	0	0
0	0	0	72442	0	0	0	0
0	0	0	0	0	0	0	1908262
0	0	0	0	77430	0	0	0
0	0	0	0	0	0	0	310070
0	0	0	0	117502	0	0	0
228592	0	0	0	0	0	0	0
1918188	0	0	0	0	0	0	0
0	0	0	0	167930	0	0	0
0	0	0	81714	0	0	0	0
0	0	0	0	0	0	0	929510
0	0	0	0	113662	0	0	0
0	0	0	0	101354	0	0	0
0	0	0	0	0	0	0	2666098
0	0	0	0	0	0	0	3350370
109018	0	0	0	0	0	0	0
0	0	0	0	0	0	0	3620590
0	0	0	0	162406	0	0	0
0	0	0	0	126834	0	0	0
0	0	72382	0	0	0	0	0
79400	0	0	0	0	0	0	0
172032	0	0	0	0	0	0	0
0	0	0	0	0	0	0	1641266
110908	0	0	0	0	0	0	0
0	0	0	0	92922	0	0	0
23219908	0	0	0	0	0	0	0
0	0	0	0	166890	0	0	0
687496	0	0	0	0	0	0	0
7287100	0	0	0	0	0	0	0
153126	0	0	0	0	0	0	0
0	0	0	0	0	0	0	1559162
0	0	0	0	77670	0	0	0
0	0	0	0	113662	0	0	0
0	0	0	659118	0	0	0	0
0	0	0	2538426	2542446	0	0	0
125086	0	0	0	0	0	0	0
142414	0	0	0	0	0	0	0
0	0	0	0	84982	0	0	0
0	0	0	89834	0	0	0	0
115308388	0	0	0	84982	0	0	0
89682	0	0	0	0	0	0	0
0	0	0	0	0	0	0	25153382
0	0	0	106494	0	0	0	0
0	0	0	0	0	0	0	1411618
0	0	0	0	0	0	0	2873978
0	0	0	0	0	0	0	5688946
0	0	0	166754	0	0	0	0
114846	0	0	0	0	0	0	0
0	0	0	0	106346	0	0	0
360606	0	0	0	0	0	0	0
0	0	0	0	0	0	0	10861374
0	0	0	0	89974	0	0	0
0	0	0	141934	0	0	0	0
0	0	0	114546	0	0	0	0
0	0	0	0	0	0	0	450474
0	0	126950	0	0	0	0	0
957328	0	0	0	0	0	0	0
0	0	0	0	0	0	0	18435694
136088	0	0	0	0	0	0	0
0	0	0	0	0	0	0	323430
67428	0	0	0	0	0	0	0
86648	0	0	0	0	0	0	0
0	0	0	0	80502	0	0	0
88852	0	0	0	0	0	0	0
103344	0	0	0	0	0	0	0
0	0	0	0	293622	0	0	0
0	0	0	0	77670	0	0	0
0	0	0	0	122606	0	0	0
171524	0	0	0	0	0	0	0
0	0	0	0	89070	0	0	0
0	0	0	80566	0	0	0	0
117840	0	0	0	0	0	0	0
0	0	114602	0	0	0	0	0
0	0	0	0	0	0	0	1104890
0	0	0	0	118518	0	0	0
0	0	0	85810	0	0	0	0
0	0	0	0	126946	0	0	0
113514	0	0	0	0	0	0	0
0	0	0	0	102114	0	0	0
110592	0	0	0	0	0	0	0
0	0	0	0	114286	0	0	0
68686	0	0	0	0	0	0	0
0	0	0	89954	0	0	0	0
0	0	0	96890	0	0	0	0
0	0	0	0	92922	0	0	0
93894	0	0	0	0	0	0	0
0	0	0	0	77670	0	0	0
160688	0	0	0	0	0	0	0
0	0	0	0	118510	0	0	0
0	0	0	118322	0	0	0	0
26692686	0	5742322	0	0	0	0	0
0	0	0	121590	0	0	0	0
0	0	0	0	89974	0	0	0
0	0	0	0	0	0	0	22916090
0	0	0	0	150518	0	0	0
0	0	0	0	77558	0	0	0
0	0	0	0	105066	0	0	0
0	0	0	0	85606	0	0	0
90308	0	0	0	0	0	0	0
0	0	0	0	101098	0	0	0
0	0	0	0	77670	0	0	0
3180388	0	0	0	0	0	0	48872058
82552	0	0	0	0	0	0	0
0	0	0	4603702	0	0	0	0
0	0	0	0	109438	0	0	0
0	0	0	0	100962	0	0	0
0	0	0	0	143338	0	0	0
0	0	0	0	133730	0	0	0
117210	0	0	0	0	0	0	0
0	0	0	0	192482	0	0	0
0	0	0	0	0	0	0	14555962
109648	0	0	0	0	0	0	0
0	0	0	0	399970	0	0	0
0	0	0	0	9514990	0	0	0
0	48172974	0	114354	0	0	0	0
151140	0	0	0	0	0	0	0
272178	0	0	0	0	0	0	68005614
127310	0	0	0	0	0	0	0
0	7748158	0	0	0	0	0	0
0	0	0	0	89830	0	0	0
0	0	0	84642	0	0	0	0
0	0	0	0	113662	0	0	0
0	0	0	138086	0	0	0	0
0	0	0	101170	0	0	0	0
0	0	0	0	0	0	0	1080874
0	0	0	151342	0	0	0	0
0	0	0	0	113518	0	0	0
85292	0	0	0	0	0	0	0
0	0	0	360354	0	0	0	0
0	0	0	0	90086	0	0	0
95326	0	0	0	0	0	0	0
0	0	0	96942	0	0	0	0
84664	0	0	0	0	0	0	0
195034	0	0	0	0	0	0	0
70576	0	0	0	0	0	0	0
0	0	0	0	0	0	0	3914362
0	0	0	0	0	0	0	831086
3090852	0	0	0	3088370	0	0	0
86648	0	0	0	0	0	0	0
127938	0	0	0	0	0	0	0
107758	0	0	0	0	0	0	0
0	0	0	0	105466	0	0	0
0	0	0	0	126570	0	0	0
0	0	0	0	0	0	0	14728746
0	0	0	0	121462	0	0	0
253992	0	0	0	0	0	0	0
0	0	0	0	134770	0	0	0
0	0	0	97186	0	0	0	0
0	0	0	0	98170	0	0	0
0	0	0	0	146282	0	0	0
0	0	0	0	0	0	0	4102774
0	0	0	0	76386	0	0	0
0	0	0	130978	0	0	0	0
8111340	0	0	0	0	0	0	0
0	0	0	909230	0	0	0	50065134
118470	0	0	0	0	0	0	0
0	0	0	0	121710	0	0	0
2562834	0	0	0	0	0	0	0
0	0	0	101026	0	0	0	0
0	0	0	0	84982	0	0	0
0	0	0	0	73570	0	0	0
0	0	0	0	113662	0	0	0
0	0	0	0	89974	0	0	0
0	0	138918	0	0	0	0	0
0	0	0	0	207594	0	0	0
6477716	0	0	0	0	0	0	0
1302608	0	0	0	0	0	0	0
0	0	0	0	101114	0	0	0
0	0	0	0	89974	0	0	0
0	0	0	0	0	0	0	229290
105988	0	0	0	0	0	0	0
2542108	0	0	0	0	0	0	0
0	0	0	114482	0	0	0	0
0	0	81846	0	0	0	0	0
0	0	0	22138414	0	0	0	0
0	0	0	0	154230	0	0	0
0	0	0	0	80758	0	0	0
0	0	0	80882	0	0	0	0
0	0	0	150254	0	0	0	0
0	0	0	0	146034	0	0	0
126056	0	0	0	0	0	0	0
83410	0	0	0	0	0	0	0
0	129063550	122606	0	0	0	0	0
0	0	0	0	97254	0	0	0
0	0	0	0	94202	0	0	0
176636	0	0	0	0	0	0	0
0	0	0	0	76526	0	0	0
0	0	0	0	77426	0	0	0
141372	0	0	0	0	0	0	0
0	0	0	0	110574	0	0	0
80976	0	0	0	0	0	0	0
105794	0	0	0	0	0	0	0
0	0	0	0	77558	0	0	0
0	0	0	0	98154	0	0	0
0	0	0	97138	0	0	0	0
99716	0	0	0	0	0	0	0
0	0	0	0	179194	0	0	0
0	0	0	93862	0	0	0	0
95012	0	0	0	0	0	0	0
0	0	0	0	0	0	0	20880190
323270	0	0	0	0	0	0	0
0	0	0	0	130794	0	0	0
120990	0	0	0	0	0	0	0
0	0	0	0	0	0	0	1138406
106496	0	0	0	0	0	0	0
82866	0	0	0	0	0	0	0
0	0	0	6188970	0	0	0	0
0	0	0	0	146290	0	0	0
144620	0	0	0	0	0	0	0
0	0	0	0	8232570	0	0	0
0	0	0	0	89974	0	0	0
0	0	0	0	93802	0	0	0
176852	0	0	0	0	0	0	0
77764	0	0	0	0	0	0	0
0	0	0	0	0	0	0	686906
138562	0	0	0	0	0	0	0
0	0	0	0	2529898	0	0	0
0	0	0	0	159358	0	0	0
0	0	0	167478	2428786	0	0	0
1340824	0	0	0	0	0	0	0
0	0	0	5025642	133730	0	0	0
85292	0	0	0	0	0	0	0
0	0	0	122802	0	0	0	0
0	0	0	0	0	0	0	3800934
0	0	0	0	146290	0	0	0
0	0	0	0	126690	0	0	0
165102	0	0	0	0	0	0	0
0	0	0	105126	0	0	0	0
159292	0	0	0	0	0	0	0
127310	0	0	0	0	0	0	0
102084	0	0	0	0	0	0	0
0	0	0	0	166650	0	0	7356330
92948	0	0	0	0	0	0	0
0	0	0	0	174714	0	0	0
0	0	0	0	0	0	0	4771558
139264	0	0	0	0	0	0	0
2225072	0	0	0	0	0	0	0
88852	0	0	0	0	0	0	0
100196	0	0	0	0	0	0	0
148088	0	0	0	0	0	0	0
106496	0	0	0	0	0	0	0
86962	0	0	0	0	0	0	0
86330	0	0	0	0	0	0	0
57722724	0	0	0	154606	0	0	0
132320	0	0	0	0	0	0	0
0	0	0	0	76390	0	0	0
24642166	0	0	0	0	0	0	0
195348	0	0	0	0	0	0	0
83812	0	0	0	0	0	0	0
0	0	0	0	117502	0	0	0
99566	0	0	0	0	0	0	0
0	0	0	0	166778	0	0	0
152496	0	0	0	0	0	0	0
0	0	0	0	84838	0	0	0
0	0	135082	0	0	0	0	0
17230928	0	0	0	0	0	0	0
0	0	0	0	113662	0	0	0
86332	0	0	0	0	0	0	0
69946	0	0	0	0	0	0	0
0	0	0	0	105066	0	0	0
0	0	0	0	137826	0	0	434090
0	0	0	96998	0	0	0	0
122250	0	0	0	0	0	0	0
80660	0	0	0	0	0	0	0
0	0	0	0	101242	0	0	0
0	0	0	0	98026	0	0	0
0	0	0	0	88694	0	0	0
950586	0	0	0	0	0	0	0
0	0	0	0	18918122	0	0	0
4816580	0	0	0	0	0	0	0
0	0	0	170558	0	0	0	0
0	0	0	0	0	0	0	813686
1583210	0	0	0	0	0	0	0
85384	0	0	0	0	0	0	0
0	0	0	0	7135094	0	0	0
134536	0	0	0	0	0	0	1133090
0	0	0	101346	0	0	0	0
0	0	0	0	81654	0	0	0
0	0	0	0	126570	0	0	0
0	0	0	0	0	0	0	14506802
0	0	0	0	106090	0	0	0
64906	0	0	0	0	0	0	0
109018	0	0	0	0	0	0	0
0	0	0	0	0	0	0	1789798
0	0	0	0	888826	0	0	0
84038	0	0	0	0	0	0	0
0	0	0	0	618486	0	0	0
0	0	0	88878	0	0	0	0
105552	0	0	0	0	0	0	0
0	0	0	101154	0	0	0	0
0	0	0	0	93158	0	0	0
163996	0	0	0	0	0	0	0
0	0	0	0	892538	0	0	0
175914	0	0	0	0	0	0	0
0	0	0	0	77430	0	0	0
0	0	0	110198	0	0	0	0
0	0	0	66824942	109438	0	0	0
0	0	0	0	97018	0	0	0
11913440	0	0	0	0	0	0	0
0	0	0	0	113658	0	0	0
0	0	0	0	7462774	0	0	0
0	0	0	0	88694	0	0	0
0	0	0	0	85606	0	0	0
80274	0	0	0	0	0	0	0
25226320	0	0	0	0	0	0	0
0	0	0	0	0	0	0	5913278
0	0	0	84590	0	0	0	0
0	0	0	102318	0	0	0	0
0	0	0	0	113266	0	0	0
0	0	0	9947702	0	0	0	0
15707418	0	0	0	0	0	0	0
0	0	0	0	0	0	0	839406
0	0	0	6024870	0	0	0	0
153962	0	0	0	0	0	0	0
308866	0	0	0	0	0	0	0
0	0	0	102206	0	0	0	0
1656902	0	0	0	0	0	0	0
147376	0	0	0	0	0	0	0
0	1437422	0	269306	0	0	0	0
0	0	0	323366	0	0	0	0
7552318	0	0	0	0	0	0	0
0	0	0	0	102010	0	0	0
113428	0	0	0	0	0	0	0
0	0	0	0	100978	0	0	0
0	0	0	2674422	0	0	0	0
204720	0	0	0	0	0	0	0
0	0	0	0	93798	0	0	0
0	0	0	0	0	0	0	2509502
0	0	0	0	97258	0	0	0
0	0	0	89646	0	0	0	0
0	0	0	0	77426	0	0	0
0	0	0	0	110570	0	0	0
0	0	0	0	98154	0	0	0
0	0	0	0	84982	0	0	0
0	0	0	0	179054	0	0	0
0	0	0	0	196194	0	0	0
0	0	0	0	125554	0	0	0
0	0	0	0	0	0	0	20429502
0	0	0	0	211682	0	0	0
0	0	0	77674	0	0	0	0
70868	0	0	0	0	0	0	0
0	0	0	0	171874	0	0	0
0	0	0	85946	0	0	0	0
0	0	0	0	97010	0	0	0
0	0	0	0	0	0	0	1010366
0	0	0	85750	0	0	0	0
144240	0	0	0	0	0	0	0
0	0	0	0	0	0	0	5003966
0	0	0	0	84982	0	0	0
0	0	0	0	18311926	0	0	0
0	0	0	9264042	0	0	0	0
0	0	0	0	125666	0	0	0
