0	0	0	1257462	0	0	0	0
71524	0	0	0	0	0	0	0
96100	0	0	0	0	0	0	0
0	0	0	0	0	0	0	7608950
0	0	0	0	621554	0	0	649850
104292	0	0	0	0	0	0	0
105236	0	0	0	0	0	0	0
0	0	0	109154	0	0	0	0
0	0	0	80610	0	0	0	0
0	0	0	0	0	0	0	1437538
0	0	0	0	8191594	0	0	0
98620	0	0	0	0	0	0	0
0	0	0	0	101994	0	0	0
115320	0	0	0	0	0	0	0
72154	0	0	0	0	0	0	0
326736	0	0	0	0	0	0	0
0	0	0	0	106090	0	0	0
0	0	0	0	0	0	0	4239274
0	0	0	0	0	0	0	3046322
0	0	0	163686	0	0	0	0
82236	0	0	0	0	0	0	0
0	0	0	162742	0	0	0	0
0	0	0	0	97018	0	0	0
194088	0	0	0	0	0	0	0
0	0	0	0	3968634	0	0	0
0	0	0	0	89974	0	0	0
0	0	0	0	548838	0	0	0
12078160	0	0	0	0	0	0	0
0	0	0	416498	0	0	0	0
0	0	0	7262002	0	0	0	0
0	0	0	0	88694	0	0	0
0	0	0	0	105466	0	0	0
0	0	0	2685682	0	0	0	0
124772	0	0	0	0	0	0	0
93894	0	0	0	0	0	0	0
126032	0	0	0	0	0	0	7846834
0	0	0	102050	0	0	0	0
77510	0	0	0	0	0	0	0
93262	0	0	0	0	0	0	0
0	0	0	183270	0	0	0	0
0	0	0	0	163682	0	0	0
207320	0	0	0	0	0	0	0
111538	0	0	0	48249570	0	0	0
0	0	0	88702	0	0	0	0
89482	0	0	0	0	0	0	0
6525242	0	0	0	0	0	0	0
0	0	0	0	0	0	0	278054
0	0	0	102190	0	0	0	0
0	0	0	0	14379770	0	0	0
0	0	0	0	85606	0	0	0
0	0	0	0	0	0	0	1624802
112168	0	0	0	0	0	0	0
2300060	0	0	0	0	0	0	0
0	0	0	117614	0	0	0	0
0	0	0	0	0	0	0	1923830
0	0	0	0	0	0	0	2051766
0	0	0	0	0	0	0	5217086
0	0	0	0	229222	0	0	0
0	0	0	0	0	0	0	19427054
0	0	0	0	10074986	0	0	0
0	0	0	0	129786	0	0	0
80346	0	0	0	0	0	0	0
0	0	0	0	0	0	0	364538
0	0	0	0	0	0	0	5881770
75620	0	0	0	0	0	0	0
0	0	0	0	0	0	0	25385918
0	0	0	0	171002	0	0	0
116578	0	0	0	0	0	0	0
0	0	0	0	0	0	0	511718
0	0	0	0	0	0	0	245358
0	0	0	0	89850	0	0	0
0	0	0	97142	0	0	0	0
0	0	0	0	88694	0	0	0
0	0	0	0	97258	0	0	0
70578	0	0	0	0	0	0	0
76250	0	0	0	0	0	0	0
107128	0	0	0	0	0	0	0
0	0	0	0	211682	0	0	0
0	0	0	0	0	0	0	18116526
0	0	0	0	113662	0	0	0
328310	0	0	0	0	0	0	0
0	0	0	0	129786	0	0	0
95784	0	0	0	0	0	0	0
0	0	0	0	1743842	0	0	0
0	0	0	0	98154	0	0	0
0	0	0	0	0	0	0	1280814
0	0	0	0	0	0	0	4135550
101456	0	0	0	0	0	0	0
0	0	0	0	0	0	0	4459502
0	0	0	0	76386	0	0	0
0	0	0	0	0	0	0	663278
0	0	0	0	138210	0	0	0
22084372	0	0	0	0	0	0	0
0	0	0	0	89974	0	0	0
3646702	0	0	0	0	0	0	0
0	0	0	0	90086	0	0	0
0	0	0	68142	0	0	0	0
0	0	0	138162	0	0	0	0
101456	0	0	0	0	0	0	0
654730	0	0	0	0	0	0	0
0	0	0	0	0	0	0	22433510
0	0	0	0	0	0	0	322170
140524	0	0	0	0	0	0	0
0	0	0	0	17881966	0	0	0
0	0	0	0	3501030	0	0	0
0	0	0	0	0	0	0	22142902
0	0	0	257958	0	0	0	0
134852	0	0	0	0	0	0	0
97042	0	0	0	0	0	0	0
0	0	0	0	0	0	0	249582
0	0	0	4714418	0	0	0	0
0	0	0	0	0	0	0	17182446
0	0	0	748526	0	0	0	0
0	0	0	0	93030	0	0	0
0	0	0	81722	0	0	0	0
0	0	0	0	143338	0	0	0
0	0	0	0	0	0	0	7179258
0	0	0	0	158454	0	0	0
0	0	0	77734	0	0	0	0
0	0	0	0	137826	0	0	0
2008616	0	0	0	0	0	0	0
0	0	0	100898	0	0	0	0
0	0	0	0	409194	0	0	0
0	0	0	0	0	0	0	883514
0	0	0	0	1527398	0	0	0
135482	0	0	0	0	0	0	0
0	0	0	0	96874	0	0	0
0	0	0	528166	0	0	0	0
118470	0	0	0	0	0	0	0
0	0	0	141866	0	0	0	0
0	0	0	0	105066	0	0	0
0	0	0	0	84606	0	0	0
0	0	0	84842	0	0	0	0
93578	0	0	0	0	0	0	0
0	0	0	150250	0	0	0	0
0	0	0	0	0	0	0	4217658
109750	0	0	0	0	0	0	0
0	0	0	0	0	0	0	2498474
0	0	0	0	106106	0	0	0
100344	0	0	0	0	0	0	0
0	0	0	0	133746	0	0	0
0	0	0	0	0	0	0	7991014
0	0	0	228210	0	0	0	0
0	0	0	0	0	0	0	13782566
3160222	0	0	0	0	0	0	0
87592	0	0	0	0	0	0	0
0	0	0	5730022	0	0	0	0
0	0	0	0	0	0	0	3238434
0	0	0	0	93178	0	0	0
0	0	0	0	8317554	0	0	0
0	0	0	2714606	0	0	0	0
0	0	0	2730658	0	0	0	0
0	0	0	0	0	0	0	7061154
0	0	0	0	93178	0	0	0
0	0	0	0	106482	0	0	0
0	0	0	0	84838	0	0	0
102086	0	0	0	0	0	0	0
69904	0	0	0	0	0	0	0
0	0	0	0	0	0	0	22663014
89682	0	0	0	0	0	0	0
0	0	0	0	0	0	0	4774434
117276	0	0	0	0	0	0	0
11312958	0	0	0	0	0	0	0
0	0	0	0	794466	0	0	0
0	0	0	744366	0	0	0	0
0	0	0	0	114430	0	0	0
0	0	0	0	113662	0	0	0
17438506	0	0	0	0	0	0	0
0	0	0	72442	0	0	0	0
0	0	0	0	0	0	0	831206
16837396	0	0	0	0	0	0	0
0	0	0	0	125666	0	0	0
0	0	0	0	0	0	0	7642862
0	0	0	0	7257710	0	0	0
0	0	0	0	184302	0	0	0
0	0	0	0	446334	0	0	0
115708	0	0	0	0	0	0	0
0	0	0	0	84982	0	0	0
141684	0	0	0	0	0	0	0
0	0	0	118394	0	0	0	0
0	0	0	133866	0	0	0	0
0	0	0	0	98026	0	0	0
0	0	0	0	84734	0	0	0
210338	0	0	0	0	0	0	0
0	0	0	0	7044970	0	0	0
0	0	0	0	0	0	0	76598
0	0	0	129830	0	0	0	0
0	0	0	0	106090	0	0	0
0	0	0	0	0	0	0	1755766
0	0	0	253546	0	0	0	0
0	0	0	76406	0	0	0	0
0	0	0	0	84982	0	0	0
0	0	0	0	106346	0	0	0
470610	0	0	0	0	0	0	0
133592	0	0	0	0	0	0	0
0	0	0	20885430	0	0	0	0
84038	0	0	0	0	0	0	0
0	0	0	395810	0	0	0	0
0	0	0	0	93802	0	0	0
99088	0	0	0	0	0	0	0
0	0	0	0	129890	0	0	0
1271398	0	0	0	0	0	0	0
10328976	0	0	0	0	0	0	0
0	0	0	0	1350250	0	0	0
0	0	0	0	109182	0	0	0
0	0	0	0	0	0	0	20327226
0	0	0	0	523902	0	0	0
0	0	0	0	0	0	0	8759842
1241752	0	0	0	0	0	0	0
100490	0	0	0	0	0	0	0
0	0	0	0	200418	0	0	0
117030	0	0	0	0	0	0	809782
100030	0	0	0	0	0	0	0
0	0	0	0	97914	0	0	0
0	0	0	0	155646	0	0	0
0	0	0	102014	0	0	0	0
0	0	0	0	0	0	0	20618862
0	0	0	1138410	0	0	0	0
0	0	0	0	368378	0	0	0
0	0	0	0	98170	0	0	0
0	0	0	0	98026	0	0	0
0	0	0	0	0	0	0	3510114
85292	0	0	0	0	0	0	0
0	0	0	0	0	0	0	1165858
0	0	0	18648810	0	0	0	0
133580	0	0	0	0	0	0	0
120412	0	0	0	0	0	0	0
0	0	0	84658	0	0	0	0
86546	0	0	0	0	0	0	0
119158	0	0	0	0	0	0	0
0	0	0	19073662	0	0	0	0
0	0	0	0	0	0	0	18598522
0	0	0	0	4743030	0	0	0
0	0	0	0	200306	0	0	0
194728	0	0	0	0	0	0	0
175814	0	0	0	0	0	0	0
0	0	0	0	73338	0	0	0
102224	0	0	0	0	0	0	0
0	0	0	96886	0	0	0	0
0	0	0	93930	0	0	0	0
0	0	0	0	335858	0	0	0
118530	0	0	0	0	0	0	0
152394	0	0	2403054	2407422	0	0	0
102362	0	0	0	0	0	0	0
0	0	0	0	73714	0	0	0
0	0	0	266102	0	0	0	0
0	0	0	73534	0	0	0	0
0	0	0	0	0	0	0	1985058
0	0	0	0	0	0	0	14130098
0	0	0	0	0	0	0	2574882
0	0	0	0	0	0	0	2379494
102852	0	0	0	0	0	0	0
79962	0	0	0	0	0	0	0
0	0	0	0	0	0	0	899774
0	18799358	0	0	0	0	0	0
117342	0	0	0	0	0	0	0
0	0	0	133674	0	0	0	0
91688	0	0	0	0	0	0	0
277822	0	0	0	0	0	0	0
90622	0	0	0	0	0	0	0
0	0	0	0	84846	0	0	0
0	0	0	0	113382	0	0	0
115080	0	0	0	0	0	0	0
0	0	0	0	0	0	0	666146
187830	0	0	0	0	0	0	0
83565266	0	0	76526	0	0	0	0
0	0	0	0	122494	0	0	0
181630	0	0	0	0	0	0	0
116718	0	0	0	0	0	0	0
0	0	0	0	121838	0	0	0
0	0	0	93862	0	0	0	0
0	0	0	137978	0	0	0	0
118590	0	0	0	0	0	0	0
0	0	0	0	139250	0	0	0
0	0	0	0	0	0	0	2595518
0	0	0	0	125554	0	0	0
0	0	0	0	248686	0	0	0
0	0	0	72566	0	0	0	0
0	0	0	97826	0	0	0	0
0	0	0	0	94202	0	0	0
13400386	0	0	0	0	0	0	13438702
98304	0	0	0	0	0	0	0
0	0	0	0	94066	0	0	0
0	0	0	151086	0	0	0	0
70552	0	0	0	0	0	0	0
0	0	0	0	0	0	0	868266
0	0	0	109178	0	0	0	0
0	0	0	0	1481322	0	0	0
3821156	0	0	0	0	0	0	3861026
0	0	0	0	110574	0	0	0
0	0	0	0	221046	0	0	0
0	0	0	0	106234	0	0	0
0	0	0	0	90110	0	0	27864686
104106	0	0	0	0	0	0	0
2295014	0	0	0	0	0	0	0
95954	0	0	0	0	0	0	0
0	0	0	0	139250	0	0	0
0	0	0	81522	0	0	0	0
0	0	0	273014	0	0	0	0
89482	0	0	0	0	0	0	0
114688	0	0	0	0	0	0	0
0	0	0	5291826	0	0	0	0
83096	0	0	0	0	0	0	0
16803554	0	0	0	0	0	0	0
77510	0	0	0	0	0	0	0
0	0	0	0	0	0	0	1440446
96120	0	0	0	0	0	0	0
0	0	0	0	105466	0	0	0
0	0	0	0	0	0	0	1698426
0	0	0	0	158710	0	0	0
0	0	0	0	85750	0	0	0
0	0	0	2178674	0	0	0	0
80902	0	0	0	0	0	0	0
110788	0	0	0	0	0	0	0
0	0	0	163518	0	0	0	0
0	0	0	92710	0	0	0	0
68044	0	0	0	0	0	0	0
0	0	0	130978	0	0	0	0
0	0	0	0	84982	0	0	0
0	0	0	0	0	0	0	16714274
145808	0	0	0	0	0	0	0
0	0	0	0	0	0	0	25594490
0	0	0	0	76386	0	0	0
0	0	0	0	146146	0	0	0
0	0	0	0	0	0	0	518690
16448910	0	0	0	0	0	0	0
0	0	0	0	1411818	0	0	0
119784	0	0	0	0	0	0	0
0	0	0	166718	0	0	0	0
0	0	0	0	77558	0	0	0
0	0	0	323134	0	0	0	0
0	0	0	0	109438	0	0	0
104922	0	0	0	0	0	0	0
0	0	0	789502	0	0	0	0
100970	0	0	0	0	0	0	0
0	0	0	131062	0	0	0	0
0	0	0	180066	0	0	0	0
0	0	0	0	0	0	0	2076390
80588	0	0	0	0	0	0	0
0	0	0	138086	0	0	0	0
9762984	0	0	0	0	0	0	0
0	25796606	0	0	0	0	0	0
121710	0	0	0	0	0	0	0
0	0	0	0	0	0	0	8801274
122250	0	0	0	0	0	0	0
0	0	0	0	0	0	0	12345258
0	0	0	0	110438	0	0	0
0	0	0	0	77670	0	0	0
0	0	0	0	122494	0	0	0
96730	0	0	0	0	0	0	0
0	0	0	0	98170	0	0	0
0	0	0	0	3751910	0	0	0
117524	0	0	0	0	0	0	0
125086	0	0	0	0	0	0	0
0	0	0	0	98154	0	0	0
0	0	0	0	121462	0	0	0
86134	0	0	0	0	0	0	0
167134	0	0	0	0	0	0	0
0	0	0	97958	0	0	0	0
0	0	0	159462	0	0	0	0
0	0	0	0	76774	0	0	0
0	0	0	0	81894	0	0	0
0	0	0	0	0	0	0	670642
94522	0	0	0	0	0	0	0
0	0	0	0	0	0	0	1584870
0	0	0	0	105066	0	0	0
0	0	0	0	105442	0	0	0
401408	0	0	0	0	0	0	0
0	0	0	0	4246270	0	0	0
0	0	0	4448098	0	0	0	0
0	0	0	0	0	0	0	2539434
0	0	0	0	101354	0	0	0
254968	0	0	0	0	0	0	0
0	0	0	0	98170	0	0	0
0	0	0	0	105066	0	0	0
0	0	2797226	0	121574	0	0	0
0	0	0	0	85750	0	0	0
0	0	0	85930	0	0	0	0
0	0	0	0	0	0	0	12057398
0	0	0	0	129890	0	0	0
0	0	0	0	84838	0	0	0
119158	0	0	0	0	0	0	0
0	0	0	0	106346	0	0	0
0	0	0	0	109290	0	0	2707182
127938	0	0	0	0	0	0	0
0	0	0	0	114286	0	0	0
86230	0	0	0	0	0	0	0
0	0	0	0	0	0	0	875314
216990	0	0	0	0	0	0	0
147300	0	0	0	0	0	0	0
0	0	0	0	0	0	0	1018558
0	0	0	0	818158	0	0	0
0	0	0	0	0	0	0	19982882
90936	0	0	0	0	0	0	0
117840	0	0	0	0	0	0	0
82156	0	0	0	0	0	0	0
0	0	0	0	135026	0	0	0
0	0	0	81842	0	0	0	0
76824	0	0	0	0	0	0	0
0	0	0	0	90086	0	0	0
80976	0	0	0	0	0	0	0
0	0	0	0	0	0	0	1583734
98304	0	0	0	0	0	0	0
0	0	0	0	137826	0	0	0
0	0	0	0	134882	0	0	0
132332	0	0	0	0	0	0	0
0	0	0	0	106338	0	0	0
0	0	0	0	126834	0	0	0
99566	0	0	0	0	0	0	0
361232	0	0	0	0	0	0	0
82156	0	0	0	0	0	0	0
235490	0	0	0	0	0	0	0
0	0	0	0	88830	0	0	0
193142	0	0	0	0	0	0	0
0	0	0	0	76390	0	0	0
0	0	0	0	228986	0	0	0
101140	0	0	0	0	0	0	0
97674	0	0	0	0	0	0	0
2010294	0	0	0	0	0	0	0
0	0	0	0	93802	0	0	0
215108	0	0	0	0	0	0	0
0	0	0	0	121598	0	0	0
0	0	0	0	105202	0	0	0
0	0	0	0	85750	0	0	0
0	0	0	158374	0	0	0	0
0	0	0	0	122606	0	0	0
0	0	0	0	97018	0	0	0
0	0	0	0	101354	0	0	0
0	0	0	0	80610	0	0	0
0	0	0	0	110326	0	0	0
0	0	0	155254	0	0	0	0
0	0	0	0	298866	0	0	0
0	0	0	0	178806	0	0	0
0	0	0	170938	0	0	0	0
0	0	0	0	2314110	0	0	0
0	0	0	0	94202	0	0	0
149886	0	0	0	0	0	0	0
0	0	0	0	113270	0	0	0
17363906	0	0	0	0	0	0	0
0	0	0	0	113526	0	0	0
137342	0	0	0	0	0	0	0
0	0	0	0	134882	0	0	0
0	0	0	0	0	0	0	9439778
0	0	0	0	117614	0	0	0
0	0	0	166562	0	0	0	0
99402	0	0	0	0	0	0	0
0	0	0	147186	0	0	0	0
0	0	0	146102	0	0	0	0
0	0	0	0	0	0	0	1437414
0	0	0	0	98150	0	0	0
0	0	0	0	117374	0	0	0
0	0	0	0	0	0	0	3799870
0	0	0	285290	0	0	0	0
363426	0	0	0	0	0	0	0
0	0	0	1498922	0	0	0	0
0	0	0	0	100962	0	0	0
0	0	0	0	100962	0	0	0
0	0	0	0	7339754	0	0	0
98620	0	0	0	0	0	0	0
165250	0	0	0	0	0	0	0
0	134830	0	0	0	0	0	0
0	0	0	0	0	0	0	129726
0	0	0	0	84982	0	0	0
86332	0	0	0	0	0	0	0
0	0	0	0	85606	0	0	0
122250	0	0	0	0	0	0	0
0	0	0	0	85606	0	0	0
0	0	0	97186	0	0	0	0
0	0	0	0	142198	0	0	0
93576	0	0	0	0	0	0	0
0	0	0	0	0	0	0	6392354
520508	532158	0	0	0	0	0	0
0	0	0	180018	0	0	0	0
86962	0	0	0	0	0	0	0
1463216	1461102	0	0	0	0	0	0
0	0	0	0	94178	0	0	0
115394	0	0	0	0	0	0	0
0	0	0	0	102394	0	0	0
102986	0	0	0	0	0	0	0
83410	0	0	0	0	0	0	0
0	0	0	0	84982	0	0	0
87592	0	0	0	0	0	0	0
0	0	0	0	179198	0	0	0
0	0	0	0	0	0	0	2608878
0	0	0	0	3624550	0	0	0
0	0	0	0	106234	0	0	0
202878	0	0	0	0	0	0	0
110062	0	0	0	0	0	0	0
0	0	0	0	0	0	0	7740338
0	0	90102	0	0	0	0	0
91752	0	0	0	0	0	0	0
0	0	0	0	125666	0	0	0
0	0	0	69566	0	0	0	0
109750	0	0	0	0	0	0	0
0	0	0	76730	101242	0	0	0
0	0	0	0	102394	0	0	0
0	0	0	0	158710	0	0	0
96892	0	0	0	0	0	0	0
122294	0	0	0	0	0	0	0
0	0	0	0	76662	0	0	0
772008	0	0	0	0	0	0	0
0	0	0	0	404450	0	0	0
75620	0	0	0	0	0	0	0
75618	0	0	0	0	0	0	0
0	0	0	0	21421038	0	0	0
0	0	0	109178	0	0	0	0
0	0	0	0	0	0	0	15321918
0	0	0	7911990	0	0	0	0
127292	0	0	0	0	0	0	0
0	0	0	0	163446	0	0	0
0	0	0	0	146146	0	0	0
0	0	0	0	159602	0	0	0
0	0	0	0	0	0	0	1048106
0	0	0	0	97890	0	0	0
0	0	0	0	76414	0	0	0
0	0	0	0	102010	0	0	0
0	0	0	0	109294	0	0	0
0	0	0	843574	0	0	0	0
0	0	0	0	183286	0	0	0
102362	0	0	0	0	0	0	0
144240	0	0	0	0	0	0	0
0	0	0	0	223990	0	0	0
5369876	0	0	0	0	0	0	0
0	0	0	0	0	0	0	1068774
2525176	0	0	0	0	0	0	0
143614	0	0	0	0	0	0	0
0	0	0	166754	0	0	0	0
0	0	0	0	6019838	0	0	0
0	0	0	0	0	0	0	1548202
0	0	0	98018	0	0	0	0
0	0	0	0	88942	0	0	0
131698	0	0	0	0	0	0	0
383182	0	0	0	0	0	0	0
4770580	0	0	0	77670	0	0	0
0	0	0	0	88694	0	0	0
23022040	0	0	0	0	0	0	0
0	13724654	0	0	0	0	0	0
107242	0	0	0	0	0	0	0
74360	0	0	0	0	0	0	0
138560	0	0	0	0	0	0	0
0	0	0	0	97914	0	0	0
0	0	0	0	4095722	0	0	0
0	0	0	77614	0	0	0	0
0	0	0	0	73570	0	0	0
0	0	0	21429822	0	0	0	0
0	0	0	0	93162	0	0	0
0	0	0	106274	0	0	0	0
102050	0	0	0	0	0	0	0
0	0	0	0	220902	0	0	0
0	0	0	85930	0	0	0	0
0	0	0	0	97258	0	0	0
0	0	0	0	0	0	0	1887982
0	0	0	0	88694	0	0	0
0	0	0	0	481910	0	0	0
0	0	0	0	105066	0	0	0
0	0	0	0	0	0	0	133666
0	0	0	219946	0	0	0	0
0	0	0	0	76390	0	0	0
74944	0	0	0	0	0	0	0
0	0	0	0	270322	0	0	0
0	0	0	1407738	0	0	0	0
0	0	0	162558	0	0	0	0
0	0	0	2235122	0	0	0	0
0	0	0	0	195314	0	0	0
95154	0	0	0	0	0	0	0
0	0	0	0	135162	0	0	0
87592	0	0	0	0	0	0	0
0	0	0	0	84838	0	0	0
0	0	0	0	93938	0	0	0
142048	0	0	0	0	0	0	0
592332	0	0	0	0	0	0	0
69614	0	0	0	0	0	0	0
0	0	0	0	2260602	0	0	0
0	0	0	0	0	0	0	10500914
0	0	0	188158	0	0	0	0
0	0	0	0	122742	0	0	0
0	0	0	0	1363838	0	0	0
76146	0	0	0	0	0	0	0
161030	0	0	0	0	0	0	0
0	0	0	0	110574	0	0	0
0	0	0	0	106090	0	0	0
82784	0	0	0	0	0	0	0
0	0	0	0	121598	0	0	0
87174	0	0	0	0	0	0	0
16945916	0	0	0	0	0	0	0
0	0	0	88822	0	0	0	0
122294	0	0	0	0	0	0	0
0	0	0	0	118766	0	0	0
0	0	0	121850	0	0	0	0
109228	0	0	0	0	0	0	0
8740434	0	0	0	0	0	0	0
0	0	0	0	84982	0	0	0
105360	0	0	0	0	0	0	0
0	0	0	122802	0	0	0	0
433232	0	0	0	0	0	0	0
0	0	0	0	81662	0	0	0
0	0	0	0	0	0	0	191010
138596	0	0	0	0	0	0	0
0	0	0	0	81894	0	0	0
94698	0	0	0	0	0	0	0
108496	0	0	0	0	0	0	0
0	0	0	0	110462	0	0	0
0	0	0	0	89974	0	0	0
0	0	0	0	0	0	0	12221118
0	0	0	0	129778	0	0	0
0	0	0	0	0	0	0	6733738
0	0	0	81634	0	0	0	0
0	0	0	0	101114	0	0	0
0	0	0	0	4820842	0	0	0
121666	0	0	0	0	0	0	0
172778	0	0	0	0	0	0	0
0	0	0	0	0	0	0	1919798
88428	0	0	0	0	0	0	0
175286	0	0	0	0	0	0	0
106614	0	0	0	0	0	0	0
0	0	0	97826	0	0	0	0
0	0	0	0	89974	0	0	0
0	0	0	0	89974	0	0	0
80976	0	0	0	0	0	0	0
0	0	0	0	97890	0	0	0
0	0	0	0	89974	0	0	0
0	0	0	0	113382	0	0	0
0	0	0	93034	0	0	0	0
0	0	0	84910	0	0	0	0
160688	0	0	0	0	0	0	0
129182	0	0	0	0	0	0	0
99566	0	0	0	0	0	0	0
0	0	0	0	110574	0	0	0
0	0	0	0	7223922	0	0	0
0	8825646	0	0	0	0	0	0
176224	0	0	0	0	0	0	0
0	0	0	0	105466	0	0	0
279076	0	0	0	0	0	0	0
0	0	0	97894	0	0	0	0
122250	0	0	0	0	0	0	0
75570	0	0	0	0	0	0	0
116648	0	0	0	0	0	0	0
0	0	0	0	84846	0	0	0
92818	0	0	0	0	0	0	0
0	0	0	0	0	0	0	3977058
0	0	0	0	96874	0	0	0
114140	0	0	0	0	0	0	0
114846	0	0	0	0	0	0	0
233296	0	0	0	0	0	0	0
0	0	0	0	133746	0	0	0
0	0	0	0	126946	0	0	0
0	0	0	0	114430	0	0	0
0	0	0	0	150518	0	0	0
0	0	0	0	126946	0	0	0
0	0	0	0	0	0	0	3627554
0	0	0	0	138210	0	0	0
144178	0	0	0	0	0	0	0
0	0	0	0	0	0	0	839526
0	0	0	0	187134	0	0	0
0	0	0	0	81662	0	0	0
0	0	0	89762	0	0	0	0
131384	0	0	0	0	0	0	0
0	294718	0	0	0	0	0	0
0	0	0	0	85606	0	0	142330
0	0	0	0	0	0	0	10111606
0	0	0	0	101354	0	0	0
0	0	0	0	85606	0	0	0
106106	0	0	0	0	0	0	0
148946	0	0	0	0	0	0	0
0	0	0	126630	0	0	0	0
126370	0	0	0	0	0	0	0
0	0	0	0	0	0	0	17616810
12738560	0	0	0	0	0	0	12774390
0	0	0	0	0	0	0	827306
364858	0	0	0	0	0	0	128609902
118470	0	0	0	0	0	0	0
101456	0	0	0	0	0	0	0
0	0	0	0	113518	0	0	0
3356200	0	0	0	0	0	0	0
0	0	0	0	0	0	0	5557242
0	0	0	0	0	0	0	6483686
0	0	0	0	93162	0	0	0
0	0	0	2142130	0	0	0	0
5571814	0	0	0	0	0	0	0
0	0	0	0	114286	0	0	0
0	0	0	0	85886	0	79338422	0
0	0	0	0	73570	0	0	0
0	0	0	0	0	0	0	1052398
0	0	0	0	93802	0	0	0
0	0	0	0	73570	0	0	0
284720	0	0	0	0	0	0	0
0	0	0	122798	0	0	0	0
0	0	0	354858	0	0	0	0
94872	0	0	0	0	0	0	0
0	0	0	85550	0	0	0	0
109124	0	0	0	0	0	0	0
127922	0	0	0	0	0	0	0
0	0	0	0	0	0	0	2026106
0	0	0	0	0	0	0	24435390
0	0	0	0	117502	0	0	1404458
156156	0	0	0	0	0	0	0
0	0	0	0	130658	0	0	0
0	0	0	0	264954	0	0	0
0	0	0	0	0	0	0	2202234
0	0	0	0	318318	0	0	0
0	0	0	84834	0	0	0	0
246704	0	0	0	0	0	0	0
0	0	0	0	0	0	0	835110
0	0	0	0	0	0	22490110	0
0	0	0	0	0	0	0	2497458
0	0	0	113206	0	0	0	0
0	0	0	0	114286	0	0	0
0	0	0	0	0	0	0	727846
0	0	0	0	76662	0	0	0
0	0	0	0	159738	0	0	0
124142	0	0	0	0	0	0	0
0	0	0	102182	0	0	0	0
0	0	0	0	0	0	0	675682
0	0	0	110194	0	0	0	0
0	0	0	0	0	0	23624630	0
0	0	0	0	84982	0	0	0
0	0	0	0	170866	0	0	0
4003996	0	0	0	0	0	0	0
0	0	0	0	0	0	12283622	0
115632	0	0	0	0	0	0	0
0	0	0	0	0	0	0	1433394
837790	0	0	0	0	0	0	0
0	0	0	0	0	0	0	1821218
0	0	0	1011310	0	0	0	0
0	0	0	0	121838	0	0	0
0	0	0	0	0	0	0	13000306
0	0	0	0	0	0	0	2268842
70576	0	0	0	0	0	0	0
0	0	0	0	163702	0	0	0
0	0	0	0	129890	0	0	0
0	0	0	0	109542	0	0	0
0	0	0	0	0	0	11759342	0
0	0	0	0	0	0	0	20245494
189048	0	0	0	0	0	0	0
0	0	0	0	0	0	5443430	0
0	0	0	0	0	0	3971902	0
0	0	0	0	2759410	0	0	0
165732	0	0	0	0	0	0	0
0	0	0	0	88942	0	0	0
0	0	0	0	0	0	5090926	0
0	0	0	0	77670	0	0	0
0	0	0	0	0	0	0	834358
0	0	0	0	0	0	0	1130022
115004	0	0	0	0	0	0	0
0	0	0	0	0	0	0	1063458
0	0	0	0	84982	0	0	0
124142	0	0	0	0	0	0	0
0	0	0	93930	0	0	0	0
0	0	0	122874	0	0	0	0
0	0	0	188258	0	0	0	0
0	0	0	0	155366	0	0	0
143044	0	0	0	0	0	0	0
75620	0	0	0	0	0	0	0
0	0	0	0	77806	0	0	0
0	0	0	0	84734	0	0	0
192826	0	0	0	0	0	0	0
151236	0	0	0	0	0	0	0
0	0	0	0	2313830	0	0	0
0	0	0	0	0	0	20859430	0
0	0	0	89954	0	0	0	0
0	0	0	0	0	0	0	1797990
0	0	0	0	985698	0	0	0
0	0	0	0	7731954	0	0	0
1666758	0	0	0	0	0	0	0
3101616	0	0	0	0	0	0	0
0	0	0	0	101114	0	0	0
0	0	0	0	114286	0	0	0
1351994	0	0	0	0	0	0	0
0	0	0	0	147186	0	0	0
128552	0	0	0	0	0	0	0
0	0	0	0	155382	0	0	0
0	0	0	0	0	0	20360118	0
0	0	0	0	0	0	0	170810
4912996	0	0	0	0	0	0	0
0	0	0	69542	0	0	0	0
0	0	0	0	105466	0	0	0
0	0	0	0	122598	0	0	0
79400	0	0	0	0	0	0	0
111224	0	0	0	0	0	0	0
0	0	0	0	0	0	863806	0
0	0	0	0	0	0	0	1227698
0	0	0	0	121582	0	0	0
0	0	0	85998	0	0	0	0
91688	0	0	0	0	0	0	0
0	0	0	0	0	0	0	18295342
0	0	0	0	97918	0	0	0
132332	0	0	0	0	0	0	0
0	0	0	0	0	0	0	1527650
103976	0	0	0	0	0	0	0
0	0	0	0	105342	0	0	0
0	0	0	0	5229430	0	0	0
0	0	0	0	141930	0	0	0
0	0	0	0	81530	0	0	0
0	0	0	0	0	0	13110270	0
0	0	0	0	0	0	2325182	0
0	0	0	0	0	0	1964982	0
75618	0	0	0	0	0	0	0
0	0	0	0	77558	0	0	0
93894	0	0	0	0	0	0	0
0	0	0	0	0	0	0	342962
651580	0	0	0	0	0	0	0
0	0	0	0	98298	0	0	0
0	0	0	0	154478	0	0	0
2819308	0	0	0	0	0	0	0
0	0	0	0	73570	0	0	0
0	0	0	0	90086	0	0	0
0	0	0	0	0	0	0	13847474
134852	0	0	0	0	0	0	0
108702	0	0	0	0	0	0	0
0	0	0	0	98154	0	0	0
137058	0	0	0	0	0	0	0
0	0	0	0	105466	0	0	0
121620	0	0	0	0	0	0	0
0	0	0	0	0	0	0	662310
93264	0	0	0	0	0	0	0
0	0	0	0	293482	0	0	0
100196	0	0	0	0	0	0	0
0	0	0	0	0	0	0	1542690
0	0	0	199222	0	0	0	0
0	0	0	0	0	0	10283558	0
0	0	0	0	0	0	14061294	0
81920	0	0	0	0	0	0	0
18298408	0	0	0	0	0	0	0
0	0	0	0	0	0	0	7973810
0	0	0	0	1539682	0	0	0
74988	0	0	0	0	0	0	0
0	0	0	0	0	0	19582582	0
0	0	0	0	0	0	24641454	0
80660	0	0	0	0	0	0	0
0	0	0	0	0	0	0	14474234
0	0	0	0	122606	0	0	0
0	0	0	0	0	0	0	2793002
0	0	0	84966	0	0	0	0
0	0	0	0	114534	0	0	0
0	0	0	0	0	0	0	826918
0	0	0	0	0	0	0	3862130
0	0	0	0	77558	0	0	0
0	0	0	0	110326	0	0	0
80346	0	0	0	0	0	0	0
0	0	0	0	113662	0	0	0
0	0	0	0	77806	0	0	0
0	0	0	0	0	0	0	13160050
0	0	0	0	114430	0	0	0
0	0	0	0	0	0	380654	118680374
0	0	0	133674	0	0	0	0
0	0	0	0	89070	0	0	0
0	0	0	0	0	0	19259310	0
19064046	0	0	0	0	0	0	19091054
0	15727358	0	0	0	0	0	0
0	0	0	13761266	0	0	0	0
0	0	0	0	0	0	0	1592934
0	0	0	0	0	0	11247150	0
6475460	0	0	0	0	0	0	0
0	0	0	101030	212962	0	0	0
0	0	0	0	188390	0	0	0
3453872	0	0	0	0	0	0	0
104922	0	0	0	0	0	0	0
0	0	0	0	0	0	19581566	0
0	0	0	0	93798	0	10238774	0
0	0	0	0	76658	0	0	0
0	0	0	0	0	0	6495038	0
0	0	0	0	126690	0	0	0
274432	0	0	0	0	0	0	0
0	0	0	134958	0	0	0	0
1283624	0	0	0	0	0	79203134	0
105236	0	0	0	0	0	60730366	0
0	0	0	0	0	0	25037822	61856690
126032	0	0	0	0	0	0	0
0	0	0	0	0	0	0	989814
0	0	1743546	118766	0	0	0	0
0	0	0	0	0	0	0	17865530
0	0	0	0	0	0	0	4197178
3399680	0	0	0	0	0	0	0
0	0	0	0	77430	0	0	0
94524	0	0	0	0	0	0	0
0	0	0	0	0	0	0	4718506
188102	0	0	0	0	0	0	0
0	0	0	0	110458	0	0	0
0	0	0	0	0	0	4705086	0
122566	0	0	0	0	0	0	0
0	0	0	0	0	0	0	5017510
0	0	0	0	0	0	0	6881134
0	0	0	0	17320950	0	0	0
146824	0	0	0	0	0	0	0
81288	0	0	0	0	0	0	0
0	0	0	0	102114	0	0	0
86646	0	0	0	0	0	0	0
104292	0	0	0	0	0	0	0
119730	0	0	0	0	0	0	0
0	0	0	139006	0	0	0	0
0	0	0	0	97258	0	0	0
0	0	0	0	88830	0	0	0
0	0	0	0	0	0	17734334	0
2952900	0	2961338	0	0	0	0	0
0	0	0	0	0	0	0	1624802
0	0	0	0	72434	0	0	0
69946	0	0	0	0	0	0	0
0	0	0	0	192370	0	0	0
0	0	0	481906	0	0	0	0
0	0	0	0	0	0	0	21998270
0	0	0	0	138098	0	0	0
0	0	0	0	0	0	0	10178402
0	0	0	0	0	0	0	6753082
0	0	0	1326782	0	0	0	0
0	0	0	0	118510	0	0	0
0	0	0	0	0	0	0	12319666
0	0	0	0	0	0	9924334	0
0	0	0	0	0	0	10804782	0
0	0	0	0	0	0	16043758	0
0	0	0	0	137826	0	0	0
233018	0	0	0	0	0	0	0
0	89006	0	0	0	0	0	0
0	0	0	0	109438	0	0	0
0	0	0	0	0	0	0	1138530
0	0	0	0	110574	0	0	0
0	0	0	379626	0	0	0	0
364858	0	0	0	0	0	0	0
0	0	0	0	0	0	3047342	0
0	0	0	0	0	0	0	2568106
129182	0	0	0	0	0	0	0
0	0	0	0	0	0	0	195262
0	0	0	0	0	0	0	21741094
158798	0	0	0	0	0	0	0
0	0	0	100926	0	0	0	0
174554	0	0	0	0	0	0	0
0	0	0	0	0	0	0	3731174
0	0	0	0	0	0	16895726	0
0	0	0	0	167786	0	0	0
0	0	0	0	142306	0	0	0
0	0	0	0	0	0	18869878	0
129818	0	0	0	0	0	0	0
102538	0	0	0	0	0	0	0
0	0	0	0	142962	0	0	0
0	0	0	0	0	0	1100414	0
0	16235454	0	0	0	0	0	0
0	0	0	0	0	0	13232766	0
0	0	0	0	0	0	21409398	0
0	0	0	109350	0	0	0	0
92318	0	0	0	0	0	0	0
0	0	0	0	0	0	0	7261738
0	0	0	0	105066	0	0	0
2450982	0	0	0	0	0	0	2494190
0	0	0	0	77666	0	0	0
0	0	0	0	101114	0	0	0
0	0	0	0	0	0	16944878	0
0	0	0	0	109438	0	0	0
0	0	0	6376290	0	0	0	0
0	0	0	0	5975906	0	0	0
0	0	0	0	2850662	0	0	0
0	0	0	0	0	0	0	125942
0	0	0	0	0	0	25349678	0
0	0	0	147126	0	0	0	0
0	0	0	0	133882	0	0	0
0	0	0	0	81894	0	0	0
96414	0	0	0	0	0	0	0
0	0	0	0	0	0	0	26176118
0	0	0	0	139250	0	0	0
0	0	0	0	85750	0	0	0
0	0	0	125802	0	0	0	0
0	0	0	0	73570	0	0	1961830
0	0	0	0	0	0	12073790	0
0	0	0	0	0	0	12553846	0
100196	0	0	0	0	0	0	0
136716	0	0	0	0	0	0	0
178962	0	0	0	0	0	0	0
0	0	0	0	142962	0	0	0
0	0	0	100898	0	0	0	0
0	0	0	0	0	0	0	2743094
0	0	0	0	97122	0	0	0
69948	0	0	0	0	0	0	0
0	0	0	0	129642	0	32268206	0
0	0	0	0	0	0	21478198	0
0	0	0	0	0	0	0	847598
3273020	46254958	0	0	0	0	0	0
0	0	0	0	5672810	0	0	0
0	0	0	0	77558	0	0	0
0	0	0	649770	0	0	0	0
0	0	0	0	98170	0	0	0
0	0	0	0	117374	0	0	0
0	0	0	0	73714	0	0	0
0	0	0	0	77666	0	0	0
113826	0	0	0	0	0	0	0
0	0	0	0	0	0	0	7220146
8049014	0	0	0	0	0	0	0
0	0	0	2412206	0	0	0	0
0	0	0	0	0	0	0	4083430
0	0	0	0	0	0	0	97830
77140	0	0	0	0	0	0	0
0	0	0	0	0	0	22026942	0
0	0	0	14232174	0	0	0	0
66790	0	0	0	0	0	0	0
0	0	0	0	0	0	2071230	0
150828	0	0	0	0	0	0	0
0	0	0	0	84846	0	0	0
0	0	0	0	113662	0	0	0
94072	0	0	0	0	0	0	0
0	0	0	0	81650	0	0	0
0	0	0	0	0	0	0	2506594
1969860	0	0	0	0	0	0	0
75258	0	0	0	0	0	0	0
0	0	0	0	0	0	25652854	0
0	0	0	0	0	0	0	887330
0	0	0	0	151286	0	0	0
108496	0	0	0	0	0	0	0
19257596	0	0	0	0	0	0	19267182
138596	0	0	683750	0	0	0	0
0	0	0	92834	0	0	0	0
0	0	0	0	131058	0	0	0
209210	0	0	0	0	0	0	171838
84664	0	0	0	0	0	0	0
0	0	0	0	0	0	0	6523514
1711424	0	0	0	0	0	0	0
79648	0	0	0	0	0	0	0
0	0	0	0	0	0	2956086	0
0	0	0	0	110194	0	0	0
0	0	0	0	133746	0	0	0
0	0	0	0	106338	0	0	0
0	0	0	0	2964198	0	0	0
0	0	0	0	97018	0	0	0
94208	0	0	0	0	0	0	0
0	0	0	0	88806	0	0	0
0	0	0	0	0	0	698918	0
0	0	0	0	110574	0	0	0
0	0	0	109218	0	0	0	0
0	0	0	137970	0	0	0	0
0	0	0	1710706	0	0	0	0
0	0	0	0	0	0	11623222	0
0	0	0	0	121598	0	0	0
0	0	0	0	135026	0	0	0
0	0	0	0	85750	0	0	0
0	0	0	0	167546	0	0	0
0	0	0	0	110462	0	0	0
0	0	0	0	1948278	0	0	0
68670	0	0	0	0	0	0	0
0	0	0	0	88694	0	0	0
0	0	0	167726	0	0	0	0
0	0	0	6278066	0	0	0	0
0	0	0	0	0	0	0	2711466
0	0	0	0	0	0	0	2534010
0	0	0	0	118654	0	0	0
0	0	0	109218	0	0	0	0
0	0	0	0	4811750	0	0	0
0	0	0	0	0	0	0	2579250
58145482	0	0	81790	0	0	0	0
0	0	0	122742	0	0	0	0
0	0	0	150370	0	0	0	0
0	0	0	0	80614	0	0	0
126662	0	0	0	0	0	0	0
0	0	0	0	0	0	0	1486574
0	0	0	0	109438	0	0	0
0	0	0	114358	0	0	0	0
0	0	0	97022	0	0	0	0
0	0	0	0	0	0	0	167662
77510	0	0	0	0	0	0	0
0	0	0	0	0	0	6585342	0
90936	0	0	0	0	0	0	0
80274	0	0	0	0	0	0	0
0	0	0	0	110462	0	0	0
0	0	0	0	1621610	0	0	0
0	0	0	0	84982	0	0	0
0	0	0	0	90086	0	0	0
0	0	0	0	679798	0	0	0
0	0	0	0	0	0	79929262	593646
106182	0	0	0	0	0	0	0
0	0	0	84530	0	0	66342518	0
102852	0	0	0	0	0	0	0
0	0	0	0	0	0	10718014	0
0	0	0	0	0	0	0	564022
0	0	0	0	81650	0	0	0
0	0	0	0	84982	0	0	0
0	0	0	0	93938	0	0	0
0	0	0	0	130658	0	0	0
0	0	0	0	90086	0	0	0
147376	0	0	0	0	0	0	0
0	0	0	76330	0	0	0	0
113428	0	0	0	0	0	0	0
0	0	0	0	166890	0	0	0
145426	0	0	0	0	0	0	0
0	0	0	150370	0	0	0	0
0	0	0	0	0	0	0	9264678
0	0	0	0	182910	0	0	0
81290	0	0	0	0	0	0	0
0	0	0	0	101114	0	0	0
9988754	0	0	0	0	0	0	0
90936	0	0	0	0	0	0	0
0	0	0	0	89974	0	0	0
0	0	0	1081058	0	0	0	0
93444	0	0	0	0	0	0	0
0	4247358	0	0	0	0	0	0
131696	0	0	0	0	0	0	33868794
0	0	0	0	80614	0	0	0
0	0	0	0	146034	0	0	0
0	0	0	0	0	0	0	2136882
0	0	0	0	0	0	0	2087858
0	0	0	0	85606	0	0	0
0	0	0	0	0	0	0	5474934
0	0	0	6885118	0	0	0	0
156662	0	0	0	0	0	0	0
0	0	0	0	0	0	0	4512690
141732	0	0	0	0	0	0	0
105360	0	0	0	0	0	0	0
0	0	0	0	151142	0	0	0
156784	0	0	0	0	0	0	0
0	0	0	0	0	0	0	823022
0	0	0	134830	0	0	0	0
0	0	0	3439346	0	0	0	0
6060982	0	0	0	0	0	0	6094694
0	0	0	0	0	0	9435958	0
0	0	0	0	98026	0	0	0
0	0	0	0	179198	0	0	0
173718	0	0	0	0	0	0	0
0	0	0	25361194	0	0	0	0
0	0	0	92710	0	0	0	0
0	0	0	174634	0	0	0	0
0	0	0	0	93178	0	0	0
98462	0	0	0	0	0	0	0
141154	0	0	0	0	0	0	0
0	0	0	0	278262	0	0	0
0	0	0	126886	0	0	0	0
0	0	0	0	0	0	13470718	0
0	0	0	0	102010	0	0	0
0	0	0	0	171626	0	0	0
0	0	0	0	0	0	0	25611258
7843100	0	0	0	0	0	0	0
0	76462	0	0	0	0	0	0
143614	0	0	0	0	0	0	0
5484428	0	0	0	0	0	0	0
0	0	0	0	318318	0	0	0
0	0	0	0	3874658	0	0	0
0	0	0	0	76390	0	0	0
0	0	0	0	0	0	0	371234
0	0	0	0	0	0	0	4537142
577966	0	0	0	0	0	0	0
3270560	0	0	0	0	0	0	0
0	0	0	0	125666	0	0	0
81452	0	0	0	0	0	0	0
156472	0	0	0	0	0	0	0
74314	0	0	0	0	0	0	0
0	0	0	0	180198	0	0	0
0	0	0	0	88694	0	0	0
109852	0	0	0	0	0	0	0
0	0	0	0	0	0	0	330746
134816	0	0	0	0	0	0	0
0	0	0	1691182	0	0	0	0
0	0	0	139258	0	0	0	0
0	0	0	3127990	0	0	0	0
0	0	0	0	110574	0	0	0
0	0	0	84718	0	0	0	0
0	0	0	0	0	0	9845438	0
0	0	0	130942	0	0	0	0
123272	0	0	0	0	0	0	0
0	0	0	0	114286	0	0	0
0	0	0	0	0	0	0	23531362
173924	0	0	0	0	0	0	0
0	0	0	0	0	0	0	8388522
64600	0	0	0	0	0	0	0
0	0	0	0	118510	0	0	0
0	0	0	155518	0	0	0	0
0	0	0	0	5820286	0	0	0
0	0	0	0	0	0	10346030	0
79890	0	0	0	0	0	0	0
0	0	0	0	0	0	0	7523322
0	0	0	0	0	0	5065654	0
0	0	0	0	8018550	0	0	0
211898	0	0	0	0	0	0	0
0	0	0	0	93034	0	0	0
0	0	0	170874	0	0	0	0
0	0	0	0	0	0	16980798	0
0	0	0	0	0	0	5414830	0
82784	0	0	0	0	0	0	0
154164	0	0	0	0	0	0	0
0	0	0	134950	0	0	0	0
0	0	0	6577826	0	0	0	0
0	0	0	93798	0	0	0	0
0	0	0	93994	0	0	0	0
0	0	0	0	129778	0	0	0
132326	0	0	0	0	0	0	0
85702	0	0	0	0	0	0	0
0	0	0	76598	0	0	0	0
68986	0	0	0	0	0	0	0
0	0	0	0	147186	0	0	0
0	0	0	0	118654	0	0	0
0	0	0	0	12709746	0	0	0
26199906	0	0	0	0	0	0	0
0	0	0	118382	0	0	0	0
2119836	0	0	0	0	0	0	0
0	0	0	0	0	0	6523518	0
141420	0	0	0	0	0	0	0
0	0	0	0	113658	0	0	0
88852	0	0	0	0	0	0	0
0	0	0	0	84982	0	0	0
103976	0	0	0	0	0	0	0
0	0	0	0	207594	0	0	0
0	0	0	0	110462	0	0	0
0	0	0	0	12602982	0	0	0
112886	0	0	0	0	0	0	0
0	0	0	0	0	0	0	682686
100970	0	0	0	0	0	0	48590694
91752	0	0	0	0	0	0	0
0	0	0	0	130682	0	0	0
98618	0	0	0	0	0	0	0
84886	0	0	0	0	0	0	0
0	0	0	0	125930	0	0	0
113594	0	0	0	0	0	0	0
0	0	0	0	0	0	18779878	0
204168	0	0	0	0	0	0	0
0	0	0	0	77670	0	0	0
98936	0	0	0	0	0	0	0
0	0	0	0	89974	0	0	0
1239514	0	0	0	0	0	0	0
0	0	0	0	150374	0	0	0
0	0	0	0	131058	0	0	0
0	0	0	133678	0	0	0	0
0	0	0	0	0	0	25906798	0
0	0	0	0	7814138	0	0	0
0	0	0	0	0	0	0	551602
0	0	0	0	0	0	4327974	0
0	0	0	0	191466	0	0	0
68686	0	0	0	0	0	0	0
0	0	0	0	0	0	0	2755378
0	0	0	0	105466	0	0	0
0	0	0	88702	0	0	0	0
0	0	0	0	0	0	22449894	0
0	0	0	0	121710	0	0	0
115394	0	0	0	0	0	0	0
0	0	0	0	97914	0	0	0
0	0	0	0	88694	0	0	0
119730	0	0	0	0	0	0	0
141106	0	0	0	0	0	0	0
0	663294	0	0	0	0	0	113589050
0	0	0	109486	0	0	0	0
139264	0	0	0	0	0	0	0
0	0	0	162422	0	0	0	0
0	0	0	0	80758	0	0	0
0	0	0	0	142306	0	0	0
0	0	0	0	102010	0	0	0
0	0	0	0	0	0	0	15215222
96580	0	0	0	0	0	0	0
80588	0	0	0	0	0	0	0
0	0	0	0	72434	0	0	0
135482	0	0	0	0	0	0	0
146674	0	0	0	0	0	0	0
0	0	0	0	310894	0	0	0
0	0	0	180206	0	0	0	0
184694	0	0	0	0	0	0	0
132008	0	0	0	0	0	0	0
0	0	0	84530	0	0	0	0
0	0	0	92714	0	0	0	0
203192	0	0	0	0	0	0	0
72750	0	0	0	0	0	0	0
0	0	0	0	163690	0	0	0
92818	0	0	0	0	0	0	0
0	0	0	0	93178	0	0	0
0	0	0	0	0	0	0	904942
0	0	0	0	0	0	6380470	0
683580	0	0	0	0	0	0	0
73376	76724862	0	0	0	0	26120110	0
0	0	0	0	117750	0	0	0
126684	0	0	0	0	0	0	0
180538	0	0	0	0	0	0	0
0	0	7159722	0	0	0	0	0
0	0	0	0	84982	0	0	0
1301942	0	0	0	0	0	0	0
0	0	0	117490	0	0	0	0
0	0	0	0	101242	0	0	0
2053670	0	0	0	0	0	0	0
0	0	0	0	114286	0	0	0
0	0	0	0	0	0	0	1511150
139264	0	0	0	0	0	0	0
0	0	0	94122	0	0	0	0
0	0	0	97206	0	0	0	0
110378	0	0	0	0	0	0	0
0	0	0	0	101114	0	0	0
0	0	0	0	125930	0	0	0
76826	0	0	0	0	0	0	0
134222	0	0	0	0	0	0	0
118530	0	0	0	0	0	0	0
0	55577262	0	0	192226	0	0	0
0	0	0	0	130026	0	0	0
0	0	0	0	0	0	0	16944870
0	0	0	0	3025506	0	0	0
0	0	0	0	0	0	0	1645362
0	0	0	184250	0	0	0	0
0	0	0	113398	0	0	0	0
0	0	0	0	0	0	22781478	0
100970	0	0	0	0	0	0	0
0	0	0	0	134114	0	0	0
86758	0	0	0	0	0	0	0
107442	0	0	0	0	0	0	0
0	0	0	0	134882	0	0	0
0	0	0	0	0	0	0	986734
98462	0	0	0	0	0	0	0
0	0	0	0	118510	0	0	0
0	0	0	110194	0	0	0	0
0	0	0	0	113518	0	0	0
0	0	0	0	131058	0	0	0
0	0	0	773682	0	0	0	0
255558	0	0	0	0	0	0	0
0	0	0	0	0	0	16685886	0
0	0	0	0	278370	0	0	0
0	0	0	158434	0	0	0	0
0	0	0	0	0	0	0	187190
0	0	0	0	77430	0	0	0
0	0	0	0	0	0	23956478	0
0	0	0	129830	0	0	0	0
0	0	0	0	0	0	0	1859498
3586206	0	0	0	0	0	0	0
1743134	0	0	0	0	0	0	0
0	0	0	0	77806	0	0	0
81288	0	0	0	0	0	54697702	0
0	0	0	0	98290	0	0	0
0	0	0	0	98154	0	0	0
0	0	0	77558	0	0	0	0
0	0	0	0	89838	0	0	0
0	0	0	0	0	0	3706726	0
0	0	0	0	106234	0	0	0
0	0	0	125542	0	0	0	0
0	0	0	129638	0	0	0	0
0	0	0	912934	0	0	0	0
0	0	0	0	0	0	0	7040938
0	0	0	0	73338	0	0	0
0	0	0	0	0	0	0	15740770
1988344	0	0	0	0	0	0	0
0	0	0	0	150374	0	0	0
97674	0	0	0	0	0	0	0
0	0	0	0	0	0	19287782	0
574460	0	0	0	0	0	0	0
0	0	0	0	0	0	6180590	0
4469996	0	0	0	0	0	0	0
74674	0	0	0	0	0	0	0
77508	0	0	0	0	0	0	0
0	0	0	135038	0	0	0	0
157540	0	0	0	0	0	0	0
0	0	0	0	187246	0	0	0
146824	0	0	0	0	0	0	0
0	0	0	0	0	0	0	4562858
0	0	0	0	0	0	21511094	0
0	0	0	0	142058	0	0	0
0	0	0	0	77558	0	0	0
151238	0	0	0	0	0	0	0
157098	0	0	0	0	0	0	0
0	0	0	0	14568294	0	0	0
0	0	0	203746	0	0	0	0
74314	0	0	0	0	0	0	0
0	0	0	0	98154	0	0	0
2967306	2989614	0	0	0	0	0	0
129818	0	0	0	0	0	0	0
0	0	0	0	102002	0	0	0
0	0	0	0	10308350	0	0	0
0	0	0	0	154342	0	0	0
0	0	0	0	89974	0	0	0
0	0	0	0	0	0	20425406	0
176540	0	0	0	0	0	0	0
0	0	0	0	117614	0	0	0
0	0	0	0	0	0	0	650990
0	0	0	0	0	0	0	3365882
201648	0	0	0	0	0	0	0
0	0	0	0	221046	0	0	0
0	0	0	0	4435950	0	0	0
0	0	0	0	0	0	2374454	0
138002	0	0	0	0	0	0	0
456256	0	0	0	0	0	0	1244082
0	0	0	0	0	0	9444158	0
0	0	0	100926	0	0	0	0
91250	0	0	0	0	0	0	0
94698	0	0	0	0	0	0	0
111004	0	0	0	0	0	0	0
0	0	0	0	0	0	0	18542310
0	0	0	0	150518	0	0	0
0	0	0	0	0	0	22326070	0
402038	0	0	0	0	0	0	0
0	0	0	0	73714	0	0	0
0	0	0	0	89974	0	60083830	0
0	0	0	0	88694	0	0	0
0	0	0	0	76390	0	0	0
85072	0	0	0	0	0	0	0
0	0	0	0	0	0	0	22858362
0	0	0	0	0	0	0	15776574
0	0	0	388906	0	0	0	0
0	0	0	0	102250	0	0	0
0	0	0	887806	0	0	0	0
0	0	0	0	0	0	23739118	0
1180908	0	0	0	0	0	0	0
108496	0	0	0	0	0	0	0
5169152	0	0	0	0	0	0	0
0	0	0	0	113662	0	0	0
0	0	0	0	0	0	22903486	0
0	0	0	0	126946	0	0	0
0	0	0	0	110570	0	0	0
0	0	0	0	0	0	13548470	0
0	0	0	0	121838	0	0	0
0	0	0	0	0	0	5623534	0
0	0	0	0	81654	0	0	0
0	0	0	19799010	0	0	0	0
0	0	0	0	0	0	0	13463150
0	0	0	154554	0	0	0	0
0	0	0	486246	0	0	0	0
97208	0	0	0	0	0	0	0
0	0	0	0	0	0	21146550	0
0	0	0	0	93034	0	0	0
0	0	0	0	0	0	0	1030974
143554	0	0	0	0	0	0	0
0	0	0	0	139250	0	0	0
250802	0	0	0	0	0	0	0
0	0	0	0	126706	0	0	0
0	0	0	93166	0	0	0	0
0	0	0	0	12933750	0	0	0
0	0	0	0	0	0	0	1059642
0	0	0	0	146038	0	0	0
0	0	0	0	229242	0	0	0
0	0	0	0	142306	0	0	0
19836086	0	0	0	0	0	0	19868666
0	0	0	0	0	0	0	4852258
0	0	0	3107818	0	0	0	0
0	0	0	88746	0	0	0	0
112886	0	0	0	0	0	0	0
0	0	0	0	126834	0	0	0
150606	0	0	0	0	0	0	0
0	0	0	0	90086	0	0	0
0	0	0	0	118654	0	0	0
113826	0	0	0	0	0	0	0
119158	0	0	0	0	0	0	0
0	0	0	106302	0	0	0	0
0	0	0	0	220798	0	0	0
97674	0	0	0	0	0	0	0
0	0	0	68450	0	0	0	0
0	0	0	0	0	0	0	6393698
121038	0	0	0	0	0	0	0
0	0	0	84530	0	0	0	0
0	0	0	0	121710	0	0	0
0	0	0	0	109158	0	0	0
0	0	0	0	84982	0	0	0
72468	0	0	0	0	0	0	0
0	0	0	0	0	0	0	1715822
0	0	0	0	129890	0	0	0
0	0	0	0	98154	0	0	0
0	0	0	0	117750	0	0	0
0	96894	0	0	0	0	0	0
0	0	0	110250	0	0	0	0
102852	0	0	0	0	0	0	0
0	0	0	0	0	0	10907374	0
165100	0	0	0	0	0	0	0
132326	0	0	0	0	0	0	0
136112	0	0	0	0	0	0	0
0	0	0	125542	0	0	0	0
191568	0	0	0	0	0	0	0
143044	0	0	0	0	0	0	0
0	0	0	0	0	0	0	1436194
0	0	0	4532898	0	0	0	0
0	0	0	0	126834	0	0	0
0	0	0	0	491382	0	0	0
96414	0	0	0	0	0	0	0
136742	0	0	0	0	0	0	0
128552	0	0	0	0	0	0	0
98304	0	0	0	0	0	0	0
0	0	0	0	0	0	0	3178410
0	0	0	0	0	0	9805350	0
0	0	0	0	146034	0	0	0
0	0	0	0	166890	0	0	0
245760	0	0	0	0	0	0	0
0	0	0	0	3931122	0	0	0
116648	0	0	0	0	0	0	0
0	0	0	0	0	0	24550198	0
0	0	0	0	143226	0	0	0
129192	0	0	0	0	0	0	0
0	0	0	0	94066	0	0	0
0	0	0	0	130658	0	0	0
0	0	0	0	0	0	827118	0
0	0	0	134766	0	0	0	0
0	0	0	0	158454	0	0	0
0	7797374	0	0	1806186	0	0	0
0	0	0	0	174970	0	0	0
0	0	0	0	143094	0	0	0
0	0	0	0	5278698	0	0	0
0	0	0	0	0	0	0	1986278
118216	0	0	0	0	0	0	0
0	0	0	0	0	0	0	23952186
0	0	0	97826	0	0	0	0
74630	0	0	0	0	0	0	0
0	0	0	121470	0	0	0	0
111318	0	0	0	0	0	0	0
0	0	0	0	3931122	0	0	0
0	0	0	126634	0	0	0	0
0	0	0	80694	0	0	0	0
0	0	0	0	93178	0	0	0
90936	0	0	0	0	0	0	0
0	0	0	0	77554	0	0	0
0	0	0	0	141946	0	0	0
0	0	0	0	0	0	0	1445614
0	0	0	0	0	0	20232894	0
0	0	0	240558	0	0	0	0
0	0	0	7674874	0	0	0	0
0	0	0	0	0	0	0	4029246
98936	0	0	0	0	0	0	0
0	0	0	0	88694	0	0	0
0	0	0	0	0	0	0	2681466
0	0	0	0	143202	0	0	0
0	0	0	0	3821158	0	0	0
223388	0	0	0	0	0	0	0
0	0	0	0	0	0	0	24345398
81288	0	0	0	0	0	0	0
94524	0	0	0	0	0	0	0
264034	0	0	0	0	0	0	0
0	0	0	0	4644862	0	0	0
0	0	0	0	146290	0	0	0
105360	0	0	0	0	0	0	0
99716	0	0	0	0	0	0	0
0	0	0	0	109182	0	0	0
0	0	0	0	102394	0	0	0
0	0	0	125666	0	0	0	0
0	0	0	0	2076650	0	0	0
0	0	0	0	76666	0	0	0
0	0	0	0	117502	0	0	0
0	0	0	0	0	0	0	2232038
0	0	0	41654950	134778	0	0	0
0	0	0	359138	0	0	0	0
106182	0	0	0	0	0	0	0
0	0	0	0	97122	0	0	0
87174	0	0	0	0	0	0	0
0	0	0	0	216678	0	0	0
0	0	0	0	0	0	0	3394238
0	0	0	0	143090	0	0	0
0	0	0	322150	0	0	0	0
0	0	0	0	118510	0	0	0
77140	0	0	0	0	0	0	0
4298910	0	0	0	0	0	0	0
0	0	0	0	0	0	1809334	0
2110948	0	0	0	0	0	0	0
0	0	0	77558	0	0	0	0
141732	0	0	0	0	0	0	0
0	0	0	0	0	0	20508390	0
0	0	0	0	113382	0	0	0
0	0	0	0	110462	0	0	0
79648	0	0	0	0	0	0	0
0	0	0	0	77430	0	0	0
0	0	0	0	0	0	842278	0
98304	0	0	0	0	0	0	0
78394	0	0	0	0	0	0	0
94072	0	0	0	0	0	0	0
0	0	2068206	0	0	0	0	0
108496	0	0	0	0	0	0	0
0	0	0	0	126834	0	0	0
0	0	0	0	326386	0	0	0
0	0	0	0	0	0	17054646	0
0	0	76538	0	0	0	0	0
0	0	0	81446	0	0	0	0
0	0	0	0	0	0	0	1310566
84352	0	0	0	0	0	0	0
76250	0	0	0	0	0	0	0
0	0	0	0	0	0	13340270	0
108388	0	0	0	0	0	0	0
0	0	0	80882	0	0	0	0
0	0	0	0	106106	0	0	0
182746	0	0	0	0	0	0	0
117840	0	0	0	0	0	0	0
0	0	0	1592126	0	0	0	0
0	0	0	539314	544638	0	0	0
110278	0	0	0	0	0	0	0
84126	0	0	0	0	0	0	0
0	0	0	0	0	0	9539126	0
0	0	0	0	0	0	16785254	0
0	0	0	0	139106	0	0	0
83724	0	0	0	0	0	0	0
99716	0	0	0	0	0	0	0
0	23153518	0	0	0	0	0	0
243956	0	0	0	0	0	0	0
0	0	0	183158	0	0	0	0
158482	0	0	0	0	0	0	0
0	0	0	101218	0	0	0	0
0	0	0	0	0	0	0	9063978
0	0	0	187258	0	0	0	0
0	0	0	134910	0	0	0	0
0	0	0	0	391930	0	0	0
0	0	0	0	93034	0	0	0
103478	0	0	0	0	0	0	0
0	0	0	0	0	0	17448878	0
0	0	0	154354	0	0	0	0
0	0	0	105402	0	0	0	0
141784	0	0	0	0	0	0	0
0	0	0	0	163690	0	0	0
0	0	0	0	0	0	0	10911274
0	0	0	1007342	0	0	0	0
153334	0	0	0	0	0	0	0
0	0	0	109370	0	0	0	0
111632	0	0	0	0	0	0	0
0	0	0	0	6971110	0	0	0
116580	0	0	0	0	0	0	0
0	0	0	0	0	0	25791414	0
0	0	0	0	88694	0	0	0
1644700	0	0	0	0	0	0	0
0	0	0	126970	0	0	0	0
23992762	0	0	0	0	0	0	0
0	0	0	0	109430	0	0	0
0	0	0	0	0	0	20487726	0
145496	0	0	0	0	0	0	0
0	0	0	0	166778	0	0	0
0	0	0	0	0	0	20363966	0
0	0	0	0	126970	0	0	0
0	0	0	0	133746	0	0	0
0	0	0	0	0	0	0	3942946
0	0	0	73402	0	0	0	0
0	25300910	0	0	0	0	0	0
0	0	0	158566	0	0	0	0
90744	0	0	0	0	0	0	0
148630	0	0	0	0	0	0	0
75884	0	0	0	0	0	0	0
0	0	0	0	131058	0	0	0
13918090	0	0	0	0	0	0	0
0	0	0	93030	0	0	0	0
180614	0	0	0	0	0	0	0
101598	0	0	0	0	0	0	0
0	0	0	0	0	0	0	14109302
81290	0	0	0	0	0	0	68410
433980	0	0	0	0	0	0	0
0	0	0	0	0	0	0	24390178
0	25943806	0	0	0	0	0	0
0	0	0	0	96874	0	0	0
1031562	0	0	0	0	0	0	0
0	0	0	0	138098	0	0	0
0	0	0	0	0	0	0	1646506
0	0	0	0	76390	0	0	0
0	0	0	0	130026	0	0	0
180930	0	0	0	0	0	0	0
0	0	0	80490	0	0	0	0
0	0	0	122678	0	0	0	0
99554	0	0	0	0	0	0	0
0	89982	0	0	0	0	0	0
103346	0	0	0	0	0	0	0
0	0	0	80562	0	0	0	0
82156	0	0	0	0	0	0	0
101598	0	0	0	0	0	0	0
11360620	0	0	0	0	0	0	0
0	0	0	100926	0	0	0	0
0	0	0	0	0	0	0	25230014
107868	0	0	0	0	0	0	0
0	0	0	0	101098	0	0	0
0	0	0	0	113382	0	0	0
131072	0	0	0	0	0	53156390	0
0	0	0	0	121710	0	0	0
0	0	0	0	0	0	0	10480438
0	0	0	0	0	0	23846830	0
0	0	0	0	167786	0	0	0
151766	0	0	0	0	0	0	0
111538	0	0	0	0	0	0	0
0	0	0	0	0	0	0	3358250
0	0	0	0	0	0	0	600694
78770	0	0	0	0	0	0	0
0	0	0	0	0	0	0	827306
0	0	0	0	166650	0	0	0
0	0	0	0	4329082	0	0	0
115950	0	0	0	0	0	0	0
0	0	0	0	118510	0	0	0
0	0	0	0	94202	0	0	0
0	0	0	264746	0	0	0	0
0	0	0	0	77806	0	0	0
88852	0	0	0	0	0	0	0
3618972	0	0	0	0	0	0	0
0	0	0	0	0	0	0	9264050
0	0	0	0	85606	0	0	0
4987666	0	0	0	0	0	0	0
0	0	0	0	142962	0	0	0
0	0	0	0	2570978	0	0	0
0	0	0	0	0	0	0	2522106
0	0	0	0	0	0	21535670	0
79086	0	0	0	0	0	0	0
117904	0	0	0	0	0	0	0
10025754	0	0	0	0	0	0	0
0	0	0	0	85606	0	0	0
0	0	0	0	142306	0	0	0
0	0	0	1015678	0	0	0	0
100344	0	0	0	0	0	0	0
0	0	0	0	0	0	0	5586858
0	0	0	0	97914	0	0	0
0	0	0	0	4562538	0	0	0
0	0	0	0	81654	0	0	0
0	0	0	0	146034	0	0	0
76880	0	0	0	0	0	0	0
0	0	0	0	113662	0	0	0
0	0	0	0	0	0	0	1953510
172664	0	0	0	0	0	83529574	0
112572	0	0	0	0	0	0	0
0	0	0	4087402	0	0	0	0
0	0	0	0	84982	0	0	0
0	0	0	0	0	0	8761062	0
113514	0	0	0	0	0	0	0
0	0	0	0	0	0	8534718	0
110278	0	0	0	0	0	0	0
0	0	0	141986	0	0	0	0
0	0	0	286714	0	0	0	0
0	0	0	0	0	0	12282406	0
0	0	0	0	122878	0	0	0
0	0	0	0	110438	0	0	0
0	0	0	0	138210	0	0	0
0	0	0	0	0	0	0	10066746
631414	0	0	0	0	0	0	0
3131548	0	0	0	0	0	0	0
85702	0	0	0	0	0	0	0
0	0	0	0	121838	0	0	0
101140	0	0	0	0	0	0	0
0	0	0	105406	0	0	0	0
129506	0	0	0	0	0	0	0
0	0	0	0	0	0	0	9330602
67740	0	0	0	0	0	0	0
0	0	0	0	539362	0	0	0
0	0	0	0	0	0	0	18583466
0	0	0	101218	0	0	0	0
0	0	0	118698	0	0	0	0
0	0	0	0	84982	0	0	0
0	0	0	0	133866	0	0	0
107868	0	0	0	0	0	0	0
0	0	0	0	0	0	0	2506530
0	0	0	147134	0	0	0	0
69924	0	0	0	0	0	0	0
142728	0	0	0	0	0	0	0
69002	0	0	0	0	0	0	60092014
202278	0	0	0	0	0	0	0
0	0	0	0	80894	0	0	0
68056	0	0	0	0	0	0	0
155648	0	0	0	0	0	0	0
139264	0	0	0	0	0	0	0
0	0	0	0	93798	0	0	0
0	0	0	0	0	0	110310	0
84442	0	0	0	0	0	0	0
0	0	0	0	0	0	21618606	0
218032	0	0	0	0	0	0	0
0	0	0	0	0	0	0	293670
143044	0	0	0	0	0	0	0
0	0	0	0	187134	0	0	0
0	0	0	2211554	0	0	0	0
0	0	0	0	0	0	0	368446
87590	0	0	0	0	0	0	0
92004	0	0	0	0	0	0	0
0	0	0	0	117502	0	0	0
0	0	0	0	0	0	15314670	0
0	0	0	0	77558	0	0	0
0	0	0	163642	0	0	0	0
0	0	0	0	0	0	0	9989114
96730	0	0	0	0	0	0	0
0	0	0	0	0	0	0	14187450
0	0	0	0	0	0	25308782	0
0	0	0	126578	0	0	0	0
0	0	0	118378	0	0	0	0
0	0	0	0	0	0	0	101174
0	0	0	0	0	0	0	4524658
0	0	0	0	0	0	0	551654
0	0	0	0	97018	0	0	0
0	0	0	0	0	0	0	166702
1499768	1519278	0	1502954	0	0	0	0
0	0	0	0	0	0	0	817982
0	0	0	0	232186	0	0	0
88852	0	0	0	0	0	0	0
0	0	0	1654454	0	0	0	0
0	0	0	113274	0	0	0	0
0	0	0	0	129642	0	0	0
0	0	0	7670306	0	0	0	0
0	0	0	0	0	0	0	823138
0	0	0	0	0	0	0	2165366
0	0	0	118446	0	0	0	0
0	0	0	0	126834	0	0	0
0	0	0	0	0	0	0	19455530
0	0	0	1551142	0	0	0	0
0	0	0	0	0	0	0	212834
0	0	0	0	0	0	10324606	0
0	0	0	0	0	0	0	7875190
0	0	0	0	0	0	1354750	0
81214	0	0	0	0	0	0	0
0	0	0	0	0	0	4386662	0
0	0	0	0	93034	0	0	0
0	0	0	0	0	0	0	1023718
0	0	0	93930	0	0	0	0
0	0	0	0	0	0	0	9109034
143992	0	0	0	67955314	0	0	67992374
3634728	0	0	0	0	0	0	0
93444	0	0	0	0	0	0	0
0	0	0	97826	0	0	0	0
0	0	0	0	0	0	0	17185594
95784	0	0	0	0	0	0	0
0	0	0	114558	0	0	0	0
0	0	0	0	179822	0	0	0
0	0	0	0	101242	0	0	0
0	0	0	0	0	0	0	1814374
0	0	0	0	0	0	0	17156914
0	0	0	0	0	0	0	170686
0	0	0	0	0	0	0	7387770
82552	0	0	0	0	0	0	0
74360	0	0	0	0	0	0	0
0	0	0	89854	0	0	0	0
131384	0	0	0	0	0	0	0
0	0	0	121590	0	0	0	0
103478	0	0	0	0	0	0	0
0	0	0	0	0	0	6794982	0
0	0	0	0	89974	0	0	0
0	0	0	0	163702	0	0	0
0	0	0	0	138210	0	0	0
96580	0	0	0	0	0	0	0
0	0	0	0	315374	0	0	0
0	0	0	0	0	0	15740654	0
0	0	0	0	89830	0	0	0
204132	0	0	0	0	0	0	0
118278	0	0	0	0	0	0	0
0	0	0	0	219878	0	0	248510
140434	0	0	0	0	0	0	0
0	0	0	106302	0	0	0	0
0	0	0	249522	0	0	0	0
0	0	0	3546750	0	0	0	0
0	0	0	0	0	0	20777510	0
209150	0	0	0	0	0	0	0
0	0	0	0	0	0	14277430	0
0	0	0	0	117502	0	0	0
0	0	0	0	89974	0	0	0
0	0	0	0	0	0	12259054	0
0	0	0	0	0	0	0	4713466
0	0	0	0	0	0	0	4491966
131698	0	0	0	0	0	0	0
0	0	0	0	2748410	0	0	0
0	0	0	0	84838	0	0	0
0	0	0	93994	0	0	0	0
0	0	0	0	113518	0	0	0
98148	0	0	0	0	0	0	0
0	0	0	0	102010	0	0	0
0	0	0	0	118510	0	0	0
121710	0	0	0	0	0	0	0
0	0	0	0	8112894	0	0	0
0	0	0	178930	0	0	0	0
0	0	0	0	200554	0	0	0
0	0	0	0	138098	0	0	0
753506	0	0	0	0	0	0	0
0	0	0	0	0	0	0	5422074
67416	0	0	0	0	0	0	0
0	0	0	266150	0	0	0	0
118216	0	0	0	0	0	0	0
0	0	0	0	0	0	0	7662114
0	0	0	0	0	0	0	1486446
0	0	0	0	151286	0	0	0
610518	0	0	0	0	0	0	0
0	0	0	0	1859198	0	0	0
0	0	0	0	77806	0	0	0
0	0	0	0	110462	0	0	0
81920	0	0	0	0	0	0	0
0	0	0	0	110462	0	0	0
102224	0	0	0	0	0	0	0
0	4402158	0	0	4389730	0	0	0
0	0	0	196514	0	0	0	0
0	133678	0	0	0	0	0	0
0	0	0	0	85606	0	0	0
0	0	0	151534	0	0	0	0
1395070	0	0	0	0	0	0	0
0	0	0	0	0	0	5357486	0
0	0	0	0	0	0	16199286	0
0	0	0	0	146146	0	0	0
0	0	0	0	458618	0	0	0
0	0	0	110566	0	0	0	0
132326	0	0	0	0	0	0	0
122920	0	0	0	0	0	0	0
87174	0	0	0	0	0	0	0
78138	0	0	0	0	0	0	0
0	0	0	0	0	0	20081270	0
0	0	0	0	0	0	9539310	0
0	0	0	0	0	0	1039158	0
0	0	0	89718	0	0	0	0
0	0	0	0	0	0	0	831214
0	0	0	0	0	0	2083454	0
0	0	0	0	473830	0	0	0
84038	0	0	0	0	0	0	0
0	0	0	0	196194	0	0	0
139264	0	0	0	0	0	0	0
138286	0	0	0	0	0	0	0
0	0	0	125858	0	0	0	0
122920	0	0	0	0	0	0	0
77140	0	0	0	0	0	0	0
0	0	0	0	11697134	0	0	0
0	0	2793130	0	0	0	0	0
0	0	0	0	0	0	0	12254762
0	0	0	0	0	0	0	7655150
0	0	0	0	147298	0	0	0
403876	0	0	0	0	0	0	0
0	0	0	143350	0	0	0	0
0	0	0	19849086	0	0	0	19880762
0	0	0	0	89974	0	0	0
0	0	0	0	0	0	107608934	4340414
79400	0	0	0	0	0	0	0
195978	0	0	0	0	0	0	0
0	0	0	1748918	0	0	0	0
0	0	0	0	80614	0	0	0
0	0	0	134142	0	0	0	0
0	0	0	0	0	0	0	2576102
0	0	0	0	122606	0	0	0
0	0	0	0	85750	0	0	0
124772	0	0	0	0	0	0	0
110378	0	0	0	0	0	0	0
0	0	0	0	130658	0	0	0
0	0	0	0	0	0	0	4960102
98462	0	0	0	0	0	0	0
0	0	0	0	81894	0	0	0
0	0	0	0	166778	0	0	0
0	0	0	0	81766	0	0	0
0	0	0	0	806894	0	0	0
0	0	0	0	0	0	2124414	0
0	0	0	1870498	0	0	0	0
78138	0	0	0	0	0	0	0
0	0	0	0	150374	0	0	0
0	0	0	80506	0	0	0	0
0	0	0	97142	0	0	0	0
0	0	0	0	0	0	25721782	0
0	0	0	0	0	0	24125158	0
93894	0	0	0	0	0	0	0
0	0	0	97830	0	0	0	0
198174	0	0	0	0	0	0	0
0	0	0	0	0	0	0	1448882
139224	0	0	0	0	0	0	0
0	0	0	0	118654	0	0	0
0	0	0	77482	0	0	0	0
0	0	0	76650	0	0	0	0
0	0	0	0	89830	0	0	0
0	0	0	18411498	0	0	0	0
0	0	0	26180390	0	0	0	0
151356	0	0	0	0	0	0	0
0	0	0	0	102394	0	0	0
0	0	0	0	0	0	24546934	0
3545874	0	0	0	0	0	0	0
74674	0	0	0	0	0	0	0
5737378	0	0	0	0	0	0	0
0	0	0	0	0	0	10260398	0
0	0	0	0	269170	0	0	0
0	1031918	0	0	0	0	0	0
108388	0	0	0	0	0	0	0
0	0	0	0	0	0	10521126	0
0	0	0	77626	0	0	0	0
317958	0	0	0	0	0	0	0
0	0	0	0	84838	0	0	0
0	0	0	0	0	0	22073070	0
0	0	0	0	6400634	0	0	0
0	0	0	0	155374	0	0	0
0	0	0	0	73714	0	0	0
0	0	0	0	88830	0	0	0
0	0	0	211826	0	0	0	0
0	0	0	0	84982	0	0	0
2501080	0	0	0	0	0	0	0
93578	0	0	0	0	0	0	0
122880	0	0	0	0	0	0	0
0	0	0	0	0	0	14703158	0
0	0	0	0	139250	0	0	0
0	0	0	0	0	0	10902326	0
6563052	0	0	0	0	0	0	0
111538	0	0	0	0	0	0	0
0	0	0	0	134114	0	0	0
104606	0	0	0	0	0	0	0
0	0	0	0	106090	0	0	0
0	23908334	0	0	0	0	0	0
0	0	0	0	0	0	0	135010
0	0	0	0	163706	0	0	0
0	0	0	0	0	0	0	716646
0	0	0	101030	0	0	0	0
0	0	0	0	89830	0	0	0
0	0	0	0	0	0	0	2104114
0	0	0	0	0	0	0	6400822
0	0	0	0	0	0	0	5258162
104922	0	0	0	0	0	0	0
0	0	0	0	10623730	0	0	0
0	0	0	0	0	0	0	293810
0	0	0	0	130034	0	0	0
0	0	0	0	85606	0	0	0
100802	0	0	0	0	0	0	0
82236	0	0	0	0	0	0	0
130758	0	0	0	0	0	0	0
0	0	0	0	81766	0	0	0
0	0	0	0	93178	0	0	0
0	0	0	429694	0	0	0	0
733498	0	0	0	0	0	0	0
0	0	0	0	0	0	0	3501806
0	0	0	0	7957498	0	0	0
102086	0	0	0	0	0	0	0
0	0	0	0	0	0	0	3259314
0	0	0	0	147426	0	0	0
0	0	0	0	97266	0	0	0
0	0	0	0	94202	0	0	0
0	0	0	0	88694	0	0	0
0	0	0	0	0	0	17214070	0
88852	0	0	0	0	0	0	0
0	0	0	106358	0	0	0	0
0	0	0	0	0	0	0	3579434
0	0	0	0	118766	0	0	0
95326	0	0	0	0	0	0	0
92318	0	0	0	0	0	75893366	0
81290	0	0	0	0	0	0	0
0	0	0	0	0	0	5910126	0
0	0	0	0	106234	0	0	0
0	0	0	0	179818	0	0	0
235178	0	0	0	0	0	0	0
0	0	0	0	97914	0	0	0
0	0	0	0	0	0	21281470	0
0	0	0	0	0	0	0	13310654
0	0	0	0	80614	0	0	0
0	0	0	88874	0	0	0	0
0	0	0	0	154230	0	0	0
71778	0	0	0	0	0	0	0
0	0	0	0	0	0	0	2637738
0	0	0	0	93802	0	0	0
75884	0	0	0	0	0	0	0
74630	0	0	0	0	0	0	0
212286	0	0	0	0	0	0	0
0	0	0	0	125802	0	0	0
0	0	0	0	134114	0	0	0
0	0	0	0	126834	0	0	0
0	0	0	80630	0	0	0	0
174344	0	0	0	0	0	0	0
110788	0	0	0	0	0	0	0
0	0	0	178742	0	0	0	0
0	0	0	0	0	0	0	4832054
0	0	0	0	13913078	0	0	0
0	0	0	0	0	0	0	952954
0	0	0	0	155510	0	0	0
0	0	0	0	77558	0	0	0
0	0	0	0	0	0	13373038	0
1452452	0	0	0	0	0	0	0
0	0	0	0	0	0	18124518	0
0	0	0	0	85886	0	0	0
0	0	0	0	0	0	0	9567154
0	0	0	0	125946	0	0	0
0	0	0	0	1822454	0	0	0
6091068	0	0	0	0	0	0	0
0	0	0	0	0	0	4627254	0
0	0	0	0	85606	0	0	0
0	0	0	0	163706	0	0	0
163840	0	0	0	0	0	0	0
168700	0	0	0	0	0	0	0
0	0	0	0	0	0	0	224878
0	0	0	0	84982	0	0	0
1659196	0	0	0	0	0	0	0
93444	0	0	0	0	0	0	0
0	0	0	73398	0	0	0	0
0	0	0	0	0	0	0	5746414
0	0	0	0	102010	0	0	0
123548	0	0	0	0	0	0	0
0	0	0	237238	0	0	0	0
78140	0	0	0	0	0	0	0
155018	0	0	0	0	0	0	0
0	0	0	0	0	0	0	1678890
0	0	0	257702	0	0	0	0
0	0	0	1056382	0	0	0	0
96120	0	0	0	0	0	0	0
151868	0	0	0	0	0	0	0
77766	0	0	0	0	0	0	0
7209590	0	0	0	0	0	0	0
86330	0	0	0	0	0	0	0
0	0	0	0	3271394	0	0	0
0	0	0	72254	0	0	0	10849086
0	0	0	0	97018	0	0	0
0	0	0	0	113662	0	0	0
0	0	0	322410	0	0	0	0
0	0	0	0	174714	0	0	0
0	0	0	72446	0	0	0	0
0	0	0	0	7356386	0	0	0
98304	0	0	0	0	0	0	0
0	0	0	0	0	0	0	12770226
0	0	0	89006	0	0	0	0
0	0	0	0	76666	0	0	0
0	0	0	204662	0	0	0	0
1288036	0	0	0	105614058	0	0	9403198
170140	0	0	0	0	0	0	0
0	0	0	256994	0	0	0	0
0	0	0	0	0	0	0	2857790
101770	0	0	0	0	0	0	0
0	0	0	0	425834	0	0	0
0	0	0	0	90086	0	0	0
0	0	0	0	113382	0	0	0
130128	0	0	0	0	0	0	0
0	0	0	109238	0	0	0	0
0	0	0	0	0	0	30490550	1010490
2748124	0	0	0	0	0	0	0
0	0	0	0	114430	0	0	0
0	0	0	0	0	0	19332710	0
0	0	0	134950	0	0	0	0
0	0	0	0	97258	0	0	0
0	0	0	0	88806	0	0	0
116984280	0	0	180022	183038	0	0	0
93894	0	0	0	0	0	0	0
0	0	0	19557346	0	0	0	0
0	0	0	0	122742	0	0	0
0	0	0	0	0	0	21855038	0
125086	0	0	0	0	0	0	0
0	0	0	0	98170	0	0	0
103976	0	0	0	0	0	0	0
0	0	0	1362798	0	0	0	0
131072	0	0	0	0	0	0	0
0	0	0	0	102250	0	0	0
0	0	0	68462	0	0	0	0
135798	0	0	0	0	0	0	0
191568	0	0	0	0	0	0	0
0	0	0	0	0	0	0	2939826
0	0	0	0	110462	0	0	0
67323116	0	0	0	0	0	0	2506478
0	0	0	0	3853054	0	0	0
151238	0	0	0	0	0	0	0
123512	0	0	0	0	0	0	0
0	0	0	0	85886	0	0	0
0	0	0	0	94202	0	0	0
0	0	0	0	85606	0	0	0
0	0	0	0	85750	0	0	0
0	0	0	0	117374	0	0	0
0	0	0	0	94202	0	0	0
0	0	0	0	0	0	0	1870650
0	0	0	0	85750	0	0	0
0	0	0	0	92922	0	0	0
0	0	0	130978	0	0	0	0
102086	0	0	0	0	0	0	0
0	0	0	0	89974	0	0	0
102086	0	0	0	0	0	0	0
0	0	0	0	133730	0	0	0
0	7212718	0	0	0	0	0	0
0	0	0	93034	0	0	0	0
0	0	0	0	0	0	0	2362918
0	0	0	142906	0	0	0	0
73376	0	0	0	0	0	0	0
0	0	0	0	88694	0	0	0
0	0	0	101218	0	0	0	0
0	0	0	0	76526	0	0	0
0	0	0	0	80758	0	0	0
0	0	0	0	135026	0	0	0
0	0	0	102206	0	0	0	0
0	0	0	109366	0	0	0	0
0	0	0	375350	0	0	0	0
81290	0	0	0	0	0	0	0
309404	0	0	0	0	0	0	0
0	0	0	0	110574	0	0	0
143044	0	0	0	0	0	0	0
143992	0	0	0	0	0	0	0
132332	0	0	0	0	0	0	0
0	0	0	0	244454	0	0	0
0	0	0	0	0	0	4603814	0
0	0	0	0	139114	0	0	2174702
0	0	0	0	101354	0	0	0
0	0	0	0	109538	0	0	0
0	0	0	0	110574	0	0	0
0	0	0	0	0	0	0	802542
0	0	0	0	0	0	7098094	0
0	0	0	290790	0	0	0	0
0	0	0	0	73338	0	0	0
0	0	0	0	109290	0	0	0
74990	0	0	0	0	0	0	0
0	21741118	0	0	0	0	0	0
141784	0	0	0	0	0	26865462	0
0	0	0	84846	0	0	0	0
0	0	0	0	85606	0	0	0
0	0	0	0	891898	0	0	0
83182	0	0	0	0	0	0	0
0	0	0	93034	0	0	0	0
0	0	0	0	101346	0	0	0
0	0	0	0	151286	0	0	0
0	0	0	0	0	0	0	441970
0	0	0	0	93178	0	0	0
0	0	0	0	76386	0	0	0
0	0	0	0	0	0	0	22302446
0	0	0	93930	0	0	0	0
0	0	0	0	0	0	10607470	0
0	0	0	0	97018	0	0	0
0	0	0	170810	0	0	0	0
0	0	0	0	81654	0	0	0
122250	0	0	0	0	0	0	0
0	0	0	142306	0	0	0	0
0	0	0	0	0	0	0	756346
92004	0	0	0	0	0	0	0
0	0	0	0	73570	0	0	0
78140	0	0	0	0	0	0	0
276638	0	0	0	0	0	0	0
0	0	0	146418	0	0	0	0
0	10755006	0	0	0	0	6790846	0
80660	0	0	0	0	0	0	0
103974	0	0	0	0	0	0	0
126346	0	0	0	0	0	0	0
0	0	0	0	97122	0	0	0
188732	0	0	0	0	0	0	0
3061288	0	0	0	0	0	0	0
0	0	0	0	110574	0	0	0
0	0	0	0	113662	0	0	0
0	0	0	0	134770	0	0	0
237884	0	0	0	0	0	0	0
0	0	0	0	204650	0	0	0
0	25799662	0	0	0	0	0	0
19003550	0	0	0	0	0	0	0
0	0	0	0	0	0	6232678	0
0	0	0	3579454	0	0	0	0
0	0	0	0	0	0	11434678	0
0	0	0	0	147302	0	0	0
78138	0	0	0	0	0	0	0
0	0	0	1166950	1159146	0	0	0
115950	0	0	0	0	0	0	0
0	0	0	174754	0	0	0	0
0	0	0	0	130922	0	0	0
115634	0	0	0	0	0	0	0
209842	0	0	0	0	0	0	0
0	0	0	0	129890	0	0	0
87908	0	0	0	0	0	0	0
239460	0	0	0	0	0	0	0
0	0	0	20270766	0	0	0	0
0	0	0	0	137982	0	0	0
4964038	4980734	0	0	0	0	0	0
0	0	0	1879662	0	0	0	0
0	0	0	0	81766	0	0	0
0	0	0	0	114290	0	0	0
88852	0	0	0	0	0	0	0
0	0	0	0	0	0	0	830186
0	0	0	0	90086	0	0	0
0	0	0	0	0	0	0	19655290
0	0	0	90106	0	0	0	0
0	0	0	0	0	0	3186302	0
0	0	0	0	121854	0	0	0
0	0	0	0	0	0	0	1723114
83182	0	0	0	0	0	0	0
0	0	0	150498	0	0	0	0
0	0	0	0	215910	0	0	0
146194	0	0	0	0	0	0	0
76880	0	0	0	0	0	0	0
10944512	0	0	0	0	0	0	0
0	0	0	0	73714	0	0	0
0	0	0	0	0	0	12815934	0
0	0	0	0	134882	0	0	0
154386	0	0	0	0	0	0	0
0	0	0	3837614	0	0	0	0
73728	0	0	0	0	0	0	0
0	0	0	0	77414	0	0	0
0	0	0	0	84734	0	0	0
88222	0	0	0	0	0	0	0
0	0	0	0	0	0	0	24305326
0	0	0	154354	0	0	0	0
185266	0	0	0	0	0	10386110	0
0	199214	0	0	0	0	0	0
0	8449774	0	0	0	0	0	0
0	0	0	81634	0	0	0	0
115950	0	0	0	0	0	0	0
77510	0	0	0	0	0	0	0
98936	0	0	0	0	0	0	0
0	0	0	0	0	0	0	8859506
0	0	0	0	101242	0	0	0
139264	0	0	0	0	0	0	0
0	0	0	0	0	0	0	847778
0	0	0	0	97014	0	0	0
96414	0	0	0	0	0	0	0
0	0	0	0	101354	0	0	0
0	0	0	0	93054	0	0	0
107758	0	0	0	0	0	0	0
0	0	0	183982	0	0	0	0
156910	0	0	0	0	0	0	0
117210	0	0	0	0	0	0	0
0	0	0	84834	0	0	0	0
173924	0	0	0	0	0	0	0
0	0	0	0	81786	0	0	0
0	0	0	13900722	0	0	0	0
132962	0	0	0	0	0	0	0
0	0	0	200686	0	0	0	0
0	0	0	0	135034	0	0	0
0	0	0	0	0	0	16091902	0
0	0	0	0	88694	0	0	0
0	0	0	0	76658	0	0	0
96414	0	0	0	0	0	0	0
0	0	0	117482	129890	0	0	0
96100	0	0	0	0	0	0	0
0	0	0	72626	0	0	0	0
0	0	0	0	192250	0	0	0
100826	0	0	0	0	0	0	0
0	0	0	130942	0	0	0	0
0	0	0	84714	0	0	0	0
116580	0	0	0	0	0	0	0
0	0	0	0	0	0	0	11635318
231896	0	0	0	0	0	0	0
0	0	0	0	129894	0	0	0
139264	0	0	0	0	0	0	0
203540	0	0	0	0	0	0	0
6815744	0	0	0	0	0	0	0
0	0	0	0	0	0	0	5675834
1263686	0	0	0	0	0	0	0
0	0	0	0	183910	0	0	0
0	0	0	85810	0	0	0	0
0	0	0	0	134114	0	0	0
0	0	0	0	101098	0	0	0
100826	0	0	0	0	0	0	0
0	0	0	0	3726318	0	0	0
0	0	0	0	110198	0	0	0
1173978	0	0	0	0	0	0	0
0	0	0	0	12529506	0	0	0
0	0	0	0	0	0	0	6949566
164786	0	0	0	0	0	0	0
2539520	0	0	0	0	0	0	0
0	0	0	0	110574	0	0	0
0	0	0	0	0	0	0	3272422
0	0	0	0	154342	0	5630974	0
0	0	0	89834	0	0	0	0
0	0	0	0	138210	0	0	0
0	0	0	110590	0	0	0	0
0	0	0	0	167546	0	0	0
0	0	0	0	110462	0	0	0
123512	0	0	0	0	0	0	162494
133894	0	0	0	0	0	0	0
0	0	0	0	84838	0	0	0
0	2649710	0	0	0	0	0	0
0	0	0	0	89974	0	0	0
0	0	0	0	0	0	0	10522350
96414	0	0	0	0	0	0	0
0	0	0	0	94178	0	0	0
88852	0	0	0	0	0	0	0
192828	0	0	0	0	0	0	0
0	0	0	0	134882	0	0	0
186574	0	0	0	0	0	0	0
0	0	0	92714	0	0	0	0
0	0	0	233086	0	0	0	0
0	0	0	166910	0	0	0	0
128236	0	0	0	0	0	0	0
0	0	0	0	1425254	0	0	0
0	0	0	0	118510	0	0	0
4060098	0	0	0	0	0	0	0
0	0	0	105402	0	0	0	0
0	0	0	0	0	0	6032382	0
0	0	0	0	5463926	0	0	0
0	0	0	0	1970026	0	0	0
0	0	97014	0	0	0	0	0
0	0	0	0	0	0	25407406	0
0	0	0	0	0	0	0	9833466
103976	0	0	0	0	0	0	0
0	0	0	0	163686	0	0	0
0	0	0	7801534	0	0	0	0
0	0	0	196146	0	0	0	0
0	0	0	0	118510	0	0	0
81288	0	0	0	0	0	0	0
1540728	0	0	0	0	0	0	0
0	0	0	0	138210	0	0	0
130442	0	0	0	0	0	0	0
0	0	0	0	80894	0	0	0
130442	0	0	0	0	0	0	0
0	0	0	0	4541430	0	0	0
0	0	0	0	338810	0	0	0
0	0	0	0	0	0	0	5815090
0	0	0	0	0	0	0	5459686
151236	0	0	0	0	0	0	0
0	0	0	0	0	0	470718	0
0	0	0	1878702	0	0	0	0
0	0	0	0	109294	0	0	0
178962	0	0	0	0	0	0	0
0	0	0	0	84982	0	0	0
0	0	0	379694	118510	0	0	0
0	0	0	113202	0	0	0	0
0	0	0	0	89974	0	0	0
0	0	0	0	114534	0	0	0
0	0	0	0	0	0	0	10111526
0	8768430	0	0	0	0	0	0
0	0	0	0	133730	0	0	0
0	0	0	0	77430	0	0	0
0	0	0	0	92786	0	0	0
147770	0	0	0	0	0	0	0
0	0	0	11079590	11087590	0	0	11107170
2695168	0	0	0	0	0	0	0
124454	0	0	0	0	0	0	0
0	0	0	85550	0	0	0	0
0	0	0	1026734	0	0	0	0
0	0	0	0	110462	0	0	0
0	0	0	147058	0	0	0	0
0	0	0	0	179198	0	0	0
0	0	0	0	110462	0	0	0
120990	0	0	0	0	0	0	0
130442	0	0	0	0	0	0	0
0	0	0	0	134882	0	0	0
124142	0	0	0	0	0	0	0
0	0	0	0	96870	0	0	0
0	0	0	0	109294	0	0	0
90112	0	0	0	0	0	0	0
0	0	0	0	110574	0	0	0
0	20188974	0	0	0	0	0	0
0	0	0	0	93178	0	0	0
139894	0	0	0	0	0	0	0
0	0	0	0	0	0	0	21090030
0	0	0	187182	0	0	0	0
0	0	0	113206	0	0	0	0
0	0	0	0	0	0	0	8543786
83182	0	0	0	0	0	0	0
0	0	0	0	0	0	24620774	0
71838	0	0	0	0	0	0	0
76880	0	0	0	0	0	0	0
0	0	0	0	81650	0	0	0
81290	0	0	0	0	0	0	0
0	0	0	0	0	0	7360110	0
132012	0	0	0	0	0	0	0
0	0	0	0	134114	0	0	0
156278	0	0	0	0	0	0	0
103346	0	0	0	0	0	0	0
0	0	0	0	0	0	0	12119782
0	0	0	146218	0	0	0	0
0	8429118	0	0	0	0	0	0
0	0	0	24399462	0	0	0	0
38513428	0	0	0	101354	0	0	0
115950	0	0	0	0	0	0	0
0	0	0	98174	0	0	0	0
116022	0	0	0	0	0	0	1641150
0	0	0	80562	0	0	0	0
0	0	0	0	146038	0	0	0
0	0	0	0	90086	0	0	0
0	0	0	20225590	0	0	0	0
107868	0	0	0	0	0	0	0
0	0	0	125802	0	0	0	0
0	0	0	0	0	0	0	13905762
0	0	0	0	138234	0	0	0
85072	0	0	0	0	0	0	0
127922	0	0	0	0	0	0	0
0	0	0	0	77558	0	0	0
0	0	0	0	0	0	0	1437422
123826	0	0	0	0	0	0	0
0	0	0	0	121598	0	0	2284466
0	0	0	0	16173822	0	0	0
0	0	0	0	0	0	8019814	0
0	0	0	0	0	0	0	1661630
0	0	0	0	0	0	0	306802
0	0	0	0	118654	0	0	0
0	0	0	0	121838	0	0	0
206690	0	0	0	0	0	0	0
0	0	0	88690	0	0	0	0
0	0	0	0	129890	0	0	0
0	0	0	3619506	0	0	0	0
0	0	0	0	126946	0	0	0
274116	0	0	0	0	0	0	0
112798	0	0	0	0	0	0	0
0	0	0	97022	0	0	0	0
0	0	0	0	155510	0	0	0
166674	0	0	0	0	0	0	0
0	0	0	0	0	0	0	6954534
2170880	0	0	0	0	0	0	0
0	0	0	0	0	0	0	8392430
0	0	0	0	4479718	0	0	0
127922	0	0	0	0	0	0	0
0	0	0	122874	0	0	0	0
0	0	0	0	0	0	0	231970
0	0	0	0	0	0	0	88886
0	0	0	0	81654	0	0	0
0	0	0	97142	0	0	0	0
151868	0	0	0	0	0	0	0
0	0	0	109230	0	0	0	0
73414	0	0	0	0	0	0	0
0	0	0	94122	0	0	0	0
0	0	0	0	179198	0	0	0
0	0	0	147058	0	0	0	0
0	0	0	0	80750	0	0	0
0	0	0	0	248446	0	0	0
69002	0	0	0	0	0	0	0
0	0	0	0	80502	0	0	0
0	0	0	25999922	0	0	0	0
0	0	0	0	0	0	0	15122278
0	0	0	77366	0	0	0	0
0	0	0	0	143338	0	0	0
90428	0	0	0	0	0	0	0
161318	0	0	0	0	0	0	0
0	0	0	0	0	0	21371702	0
120990	0	0	0	0	0	0	0
17355068	0	0	0	0	0	0	0
0	0	0	0	118758	0	0	0
99250	0	0	0	0	0	0	0
195978	0	0	0	0	0	0	0
167622	0	0	0	0	0	0	0
0	0	6912946	6925282	0	0	0	0
0	0	0	76462	0	0	0	0
0	0	0	122622	0	0	0	0
0	11250350	0	0	0	0	0	0
0	0	0	0	85606	0	0	0
0	0	0	0	85606	0	0	0
157540	0	0	0	0	0	0	0
81290	0	0	0	0	0	0	0
0	0	0	0	0	0	0	207478
117840	0	0	0	0	0	0	0
0	0	0	0	1944302	0	0	0
0	0	0	0	97018	0	0	0
0	0	0	125802	0	0	0	0
403928	0	0	0	0	0	0	0
0	0	0	81470	0	0	0	0
0	0	0	109238	0	0	0	0
0	0	0	0	171874	0	0	0
0	0	0	0	118654	0	0	0
1752144	0	0	0	0	0	0	0
0	0	0	0	89718	0	0	0
0	0	0	0	85886	0	0	0
99880	0	0	0	0	0	0	0
0	0	0	0	88694	0	0	0
0	0	0	73270	0	0	0	0
0	0	0	0	101242	0	0	0
0	0	0	97010	0	0	0	0
258364	0	0	0	0	0	0	0
0	0	0	0	1195626	0	0	0
69946	0	0	0	0	0	0	0
0	0	0	0	0	0	0	133666
110906	0	0	0	0	0	0	0
0	0	0	0	0	0	0	10207146
146194	0	0	0	0	0	0	117100146
88852	0	0	0	0	0	0	0
0	0	0	0	0	0	0	1825594
0	0	0	0	73706	0	0	0
0	0	0	0	2579062	0	0	0
75618	0	0	0	0	0	0	0
100196	0	0	0	0	0	0	0
7578232	0	0	0	0	0	0	0
0	0	0	0	106090	0	0	0
0	0	0	0	0	0	0	245486
1813584	0	0	0	0	0	0	0
0	0	0	0	76770	0	0	0
0	0	0	0	0	0	0	26050290
14733312	0	0	0	0	0	0	0
103344	0	0	0	0	0	0	0
0	0	0	0	89838	0	0	0
0	0	0	0	98022	0	0	0
4102932	0	0	0	0	0	0	0
92634	0	0	0	0	0	0	0
0	20998830	0	0	0	0	0	0
90744	0	0	0	0	0	0	0
0	0	0	0	110202	0	0	0
0	0	0	0	0	0	0	17747838
0	0	0	122722	0	0	0	0
0	0	0	0	101362	0	0	0
0	0	0	0	184046	0	0	0
0	0	0	0	84838	0	0	0
0	0	0	0	101362	0	0	0
0	0	0	77546	0	0	0	0
79714	0	0	0	0	0	0	0
0	0	0	0	130682	0	0	0
0	0	0	0	76390	0	0	0
0	0	0	84834	0	0	0	0
0	0	0	117294	0	0	0	0
0	0	0	0	88806	0	0	0
0	0	0	286262	0	0	0	0
0	0	0	0	129890	0	0	0
74990	0	0	0	0	0	0	0
124142	0	0	0	0	0	0	0
0	0	0	0	0	0	0	18893818
239144	0	0	0	0	0	0	0
0	0	0	0	129890	0	0	0
0	0	0	0	151286	0	0	0
0	0	0	0	73714	0	0	0
0	0	0	0	203362	0	0	0
0	0	0	0	84982	0	0	0
0	0	0	0	81766	0	0	0
0	0	0	0	113662	0	0	0
0	0	0	0	98290	0	0	0
0	0	0	0	81518	0	0	0
76880	0	0	0	0	0	0	0
90112	0	0	0	0	0	0	0
0	0	0	0	105466	0	0	0
512946	0	0	0	0	0	0	0
0	0	0	0	0	0	0	3628782
0	0	0	138106	0	0	0	0
0	0	0	0	121838	0	0	0
107128	0	0	0	0	0	0	0
0	0	0	101030	0	0	0	0
0	0	0	0	76670	0	0	0
113114	0	0	0	0	0	0	0
111854	0	0	0	0	0	0	0
0	0	0	0	0	0	0	1433514
0	0	0	0	141926	0	0	0
1429190	0	0	1433442	0	0	0	0
19390464	0	0	0	0	0	0	0
0	0	0	0	0	0	0	3768246
228744	0	0	0	0	0	0	0
144304	0	0	0	0	0	0	0
0	0	0	0	0	0	0	23817842
191882	0	0	0	0	0	0	0
0	0	0	0	106090	0	0	0
0	0	0	0	130922	0	0	0
0	0	0	0	89082	0	0	0
259624	0	0	0	0	0	0	0
0	0	0	0	139114	0	0	0
0	0	0	0	195566	0	0	0
0	0	0	0	97014	0	0	0
179280	0	0	0	0	0	0	0
0	0	0	24112098	0	0	0	0
0	0	0	0	126974	0	0	0
165730	0	0	0	0	0	0	0
0	0	0	0	110574	0	0	0
68688	0	0	0	0	0	0	0
2709032	0	0	0	0	0	0	0
0	0	0	0	0	0	0	13758190
91374	0	0	0	0	0	0	0
0	0	0	0	129642	0	0	0
0	0	0	0	0	0	0	14486510
4366336	0	0	0	0	0	0	0
0	0	0	0	0	0	0	5053990
0	0	0	0	138234	0	0	0
0	0	0	0	97014	0	0	0
0	0	0	117614	0	0	0	0
0	0	0	85998	0	0	0	0
0	0	0	0	0	0	15600166	0
0	0	0	0	240506	0	0	0
88852	0	0	0	0	0	0	0
0	0	0	0	113662	0	0	0
0	0	0	0	110574	0	0	0
67732	0	0	0	0	0	0	0
0	0	0	0	101354	0	0	0
131072	0	0	0	0	0	0	0
0	0	0	1366830	0	0	0	0
0	0	0	0	147298	0	0	4026086
0	0	0	0	4303598	0	0	0
71524	0	0	0	0	0	0	0
0	0	0	118322	0	0	0	0
0	0	0	0	73570	0	0	0
0	0	0	0	72434	0	0	0
69948	0	0	0	0	0	0	0
85386	0	0	0	0	0	0	0
0	0	0	0	126690	0	0	0
0	0	0	0	109290	0	0	0
73098	0	0	0	0	0	0	0
0	0	0	0	102258	0	0	0
21372614	0	0	0	0	0	0	0
0	0	0	146162	0	0	0	0
0	0	0	0	146290	0	0	0
0	0	0	0	0	0	22231790	0
0	0	0	80438	0	0	0	0
0	0	0	126634	0	0	0	0
0	0	0	0	105066	0	0	0
1259676	0	0	0	0	0	0	0
2303842	0	0	0	0	0	0	0
0	0	0	0	106106	0	0	0
0	0	0	0	106106	0	0	0
0	0	0	0	0	0	773990	0
0	0	0	80434	0	0	0	0
170140	0	0	0	0	0	0	0
76250	0	0	0	0	0	0	0
0	0	0	0	162790	0	0	0
0	0	0	0	126946	0	0	0
0	0	0	0	98022	0	0	0
0	0	0	0	0	0	0	3632870
83812	0	0	0	0	0	0	0
75620	0	0	0	0	0	0	0
0	0	0	114558	0	0	0	0
0	0	0	98150	0	0	34701182	0
0	0	0	0	142306	0	0	0
0	0	0	0	130026	0	0	0
0	0	0	0	0	0	6512166	0
73728	0	0	0	0	0	0	0
0	0	0	130942	0	0	0	0
0	0	0	0	102250	0	0	0
1599014	0	0	0	0	0	0	0
0	0	0	0	219878	0	0	0
0	0	0	0	0	0	0	962406
0	0	0	0	400378	0	0	0
0	0	0	0	101098	0	32702382	0
0	0	0	106038	0	0	0	0
96414	0	0	0	0	0	0	0
0	0	0	0	0	0	6176694	0
107128	0	0	0	0	0	0	0
1502288	0	0	0	0	0	0	0
0	0	0	84722	0	0	0	0
0	0	0	121646	0	0	0	0
0	0	0	0	84838	0	0	0
653786	0	0	0	0	0	0	0
0	0	0	0	126830	0	0	0
0	0	0	1527790	0	0	0	0
125402	0	0	0	0	0	0	0
0	0	0	147254	0	0	0	0
160688	0	0	0	0	0	0	0
0	0	0	117734	0	0	0	0
0	0	0	0	14028402	0	0	0
80660	0	0	0	0	0	0	0
0	0	0	0	110462	0	0	0
0	0	0	0	101242	0	0	0
0	0	0	0	0	0	0	4274994
1583576	0	0	0	0	0	0	0
0	0	0	0	90086	0	0	0
0	0	0	0	0	0	0	162338
0	0	0	232446	0	0	0	0
110592	0	0	0	0	0	0	0
0	0	0	0	180070	0	0	0
0	0	0	0	98026	0	0	0
0	0	0	0	109290	0	0	0
170770	0	0	0	0	0	0	0
0	0	0	118770	0	0	0	0
0	0	0	0	98170	0	0	0
0	0	0	0	105202	0	0	0
666074	0	0	0	0	0	0	0
0	0	0	0	0	0	0	7004074
0	0	0	0	0	0	0	2739950
0	0	0	143350	0	0	0	0
0	0	0	0	0	0	13376438	0
0	0	0	0	143202	0	0	0
96414	0	0	0	0	0	0	0
0	0	0	84718	0	0	0	0
0	0	0	0	101114	0	0	0
181484	0	0	0	0	0	0	0
0	0	0	0	126834	0	0	0
76198	0	0	0	0	0	0	0
150420	0	0	0	0	0	0	0
0	0	0	0	0	0	24668798	0
6021200	0	0	0	0	0	0	0
1749404	0	0	0	0	0	0	0
0	0	0	0	0	0	0	20298746
68056	0	0	0	0	0	0	0
0	0	0	134910	0	0	0	0
0	0	0	0	114286	0	0	0
102362	0	0	0	0	0	0	0
130448	0	0	0	0	0	0	0
0	0	0	0	109294	0	0	0
178508	0	0	0	0	0	0	0
0	0	0	0	0	0	10039014	0
0	0	0	0	134114	0	0	0
0	0	0	0	0	0	0	159470
0	0	0	0	129778	0	0	387706
0	0	0	0	16924518	0	0	0
120360	0	0	0	0	0	0	0
0	0	0	0	0	0	0	3829478
69632	0	0	0	0	0	0	0
0	0	0	0	0	0	0	17218354
0	0	0	0	93802	0	0	0
144934	0	0	0	0	0	0	0
0	0	0	0	9629410	0	0	0
0	0	0	0	0	0	0	5815290
0	0	0	0	125666	0	0	0
0	0	0	0	0	0	0	253482
0	0	0	0	0	0	0	5836398
98304	0	0	0	0	0	0	0
0	0	0	0	97122	0	0	72584942
112572	0	0	0	0	0	0	0
0	0	0	0	92922	0	0	0
0	0	0	0	73338	0	0	0
0	0	0	125482	0	0	0	0
0	12365742	0	0	0	0	0	0
0	0	0	0	80614	0	0	0
0	0	0	0	88694	0	0	0
81214	0	0	0	0	0	0	0
0	2056190	0	0	0	0	0	0
162580	0	0	0	0	0	0	0
81920	0	0	0	0	0	0	0
0	0	0	0	126570	0	0	0
0	0	0	0	121710	0	0	0
0	0	0	0	155510	0	0	0
97044	0	0	0	0	0	0	0
92632	0	0	0	0	0	0	0
2155758	0	0	0	0	0	0	0
0	0	0	0	122606	0	0	0
0	0	0	84842	0	0	0	0
0	0	2177974	0	0	0	0	0
129812	0	0	0	0	0	0	0
0	71965630	0	0	3104630	0	0	0
0	0	0	0	106338	0	0	0
133592	0	0	0	0	0	0	0
0	0	0	0	93162	0	0	0
0	0	0	0	80894	0	0	0
0	0	0	0	101098	0	0	0
0	0	0	0	98170	0	0	0
109332	0	0	0	0	0	0	0
75620	0	0	0	0	0	0	0
