0	0	0	0	0	0	0	2764398
3677576	0	0	0	0	0	0	0
0	0	0	0	155510	0	0	0
0	0	0	0	130922	0	0	0
0	0	0	0	135026	0	0	0
90744	0	0	0	0	0	0	0
0	0	0	0	97122	0	0	0
0	0	0	0	137970	0	0	0
236308	0	0	0	0	0	0	0
134536	0	0	0	0	0	0	0
145564	0	0	0	0	0	0	0
0	0	0	0	106090	0	0	0
0	0	0	84846	0	0	0	0
82552	0	0	0	0	0	0	0
0	0	0	237110	0	0	0	2273062
78770	0	0	0	0	0	0	0
0	0	0	0	5971810	0	0	0
0	0	0	0	97914	0	0	0
0	0	0	0	0	0	0	2731002
0	0	0	0	110574	0	0	0
0	0	0	0	117614	0	0	0
0	0	0	0	114430	0	0	0
0	0	0	0	109438	0	0	0
0	0	0	0	81654	0	0	0
0	0	0	0	195314	0	0	0
0	0	0	0	0	0	0	5307198
77510	0	0	0	0	0	0	0
0	0	0	0	93178	0	0	0
0	0	0	0	97914	0	0	0
233158	0	0	0	0	0	0	0
0	0	0	4935274	0	0	0	0
0	0	0	0	0	0	0	22626226
257104	0	0	0	0	0	0	0
0	0	0	0	0	0	0	397154
74990	0	0	0	0	0	0	0
103346	0	0	0	0	0	0	0
0	21691966	0	0	0	0	0	0
0	0	0	138170	0	0	0	0
161320	0	0	0	0	0	0	0
0	0	0	138042	0	0	0	0
173922	0	0	0	0	0	0	0
110278	0	0	0	0	0	0	0
0	0	0	0	84982	0	0	0
0	0	0	0	117374	0	0	0
76250	0	0	0	0	0	0	0
18555510	0	0	0	0	0	0	0
0	0	0	0	0	0	0	1011430
93264	0	0	0	0	0	0	0
0	0	0	0	89714	0	0	0
0	0	0	0	2846446	0	0	0
0	0	0	0	0	0	0	2142054
0	0	0	0	94054	0	0	0
112798	0	0	0	0	0	0	0
0	0	0	0	2370154	0	0	0
0	0	0	0	101098	0	0	0
0	0	0	0	0	0	0	4733874
0	0	0	0	351858	0	0	0
0	0	0	0	0	0	0	1568610
0	0	0	1638378	1617654	0	0	0
0	0	0	0	89714	0	0	0
0	0	0	0	73574	0	0	0
0	0	0	0	97126	0	0	0
0	0	0	105390	0	0	0	0
0	0	0	0	0	0	0	7347178
0	0	0	0	73442	0	0	0
92634	0	0	0	0	0	0	0
105866	0	0	0	0	0	0	0
0	0	0	0	0	0	0	519910
0	0	0	0	0	0	0	3370726
97044	0	0	0	0	0	0	0
0	0	0	0	0	0	0	24197822
146194	0	0	0	0	0	0	0
0	0	0	0	0	0	0	147174
0	0	0	0	89074	0	0	0
0	0	0	0	101234	0	0	0
0	0	0	0	167662	0	0	0
125402	0	0	0	0	0	0	0
0	0	0	0	0	0	0	2199278
87592	0	0	0	0	0	0	0
0	0	0	0	175098	0	0	0
0	0	0	0	109154	0	0	0
136742	0	0	0	0	0	0	0
124142	0	0	0	0	0	0	0
0	0	0	105394	76774	0	0	0
0	0	0	117614	0	0	0	0
0	0	0	0	302694	0	0	0
0	0	0	0	97018	0	0	0
0	0	0	0	84982	0	0	0
90112	0	0	0	0	0	0	0
0	0	0	0	106234	0	0	0
0	0	0	0	147298	0	0	0
18336848	0	0	0	0	0	0	0
0	0	0	0	678654	0	0	0
0	0	0	125922	0	0	0	0
0	0	0	105406	0	0	0	0
117210	0	0	0	0	0	0	0
0	0	0	0	113662	0	0	0
0	0	0	0	117374	0	0	0
0	0	0	0	5512162	0	0	0
0	0	0	0	0	0	0	125630
0	0	0	0	77558	0	0	0
0	0	0	0	0	0	0	850622
0	0	0	3870382	3873762	0	0	0
0	0	0	0	0	0	0	716706
0	0	0	0	76390	0	0	0
190308	0	0	0	0	0	0	0
126032	0	0	0	0	0	0	0
0	0	0	0	0	0	0	1716018
0	0	0	0	150518	0	0	0
0	0	0	0	0	0	0	4128682
101456	0	0	0	0	0	0	0
170458	0	0	0	0	0	0	0
0	0	0	0	0	0	0	19635766
0	0	0	5573154	0	0	0	0
116580	0	0	0	0	0	0	0
0	0	0	0	0	0	0	3501806
0	0	0	0	0	0	0	8870450
75620	0	0	0	0	0	0	0
0	0	0	0	121598	0	0	0
0	0	0	0	0	0	0	10907366
0	0	0	0	92922	0	0	0
66796	0	0	0	0	0	0	0
0	0	0	0	0	0	0	10373822
0	0	0	0	158454	0	0	0
80030	0	0	0	0	0	0	0
0	0	0	0	98026	0	0	0
71208	0	0	0	0	0	0	0
0	0	0	0	84838	0	0	0
69316	0	0	0	0	0	0	0
0	0	0	0	0	0	0	3669930
132962	0	0	0	0	0	0	0
0	0	0	0	147430	0	0	0
0	0	0	0	77558	0	0	0
0	0	0	0	97122	0	0	0
0	0	2682790	0	0	0	0	0
0	0	0	0	114426	0	0	0
80660	0	0	0	0	0	0	0
0	0	0	0	121710	0	0	0
0	0	0	76782	0	0	0	0
0	0	0	0	129642	0	0	0
0	26114686	0	0	0	0	0	0
74630	0	0	0	0	0	0	0
18652170	0	0	0	0	0	0	0
0	0	0	142114	191090	0	0	0
0	0	0	1997362	0	0	0	0
93894	0	0	0	0	0	0	0
107758	0	0	0	0	0	0	0
0	0	0	7080930	0	0	0	0
0	0	0	0	76658	0	0	0
0	0	0	0	0	0	0	23550898
0	0	0	0	130658	0	0	0
0	0	0	0	113526	0	0	0
132332	0	0	0	0	0	0	0
0	0	0	0	0	0	0	7839274
0	0	0	93154	0	0	0	0
0	0	0	0	0	0	0	416690
0	0	0	0	81766	0	0	0
139810	0	0	0	0	0	0	0
0	0	0	0	122606	0	0	0
73964	0	0	0	0	0	0	0
15387792	0	0	0	0	0	0	15413094
232354	0	0	0	0	0	0	0
94072	0	0	0	0	0	0	0
0	0	0	0	101114	0	0	0
0	0	0	0	0	0	0	1973042
20065930	0	0	0	0	0	0	0
149886	0	0	0	0	0	0	0
0	0	0	380462	223998	0	0	0
0	0	0	0	92922	0	0	0
168700	0	0	0	0	0	0	0
0	0	0	0	121710	0	0	0
0	0	0	1489830	0	0	0	0
121038	0	0	0	0	0	0	0
0	0	0	0	0	0	0	2534010
25405076	0	0	0	0	0	0	0
0	0	0	0	0	0	0	843494
168072	0	0	0	0	0	0	0
0	0	0	0	106090	0	0	0
0	0	0	0	114286	0	0	0
0	0	0	0	0	0	0	5254894
0	0	0	0	200418	0	0	0
0	0	0	0	0	0	0	3885686
0	0	0	72382	0	0	0	0
0	0	0	0	84838	0	0	0
0	0	0	0	0	0	0	5488242
16857488	0	0	0	0	0	0	0
143614	0	0	0	0	0	0	0
0	0	0	0	101242	0	0	0
0	0	0	106018	0	0	0	0
121666	0	0	0	0	0	0	0
112168	0	0	0	0	0	0	0
0	0	0	118450	0	0	0	0
120412	0	0	0	0	0	0	0
0	0	0	0	81766	0	0	78089966
110278	0	0	0	0	0	0	0
0	0	0	0	97018	0	0	0
0	0	0	0	0	0	0	1203194
0	0	0	0	84982	0	0	0
85292	0	0	0	0	0	0	0
0	0	0	0	80614	0	0	0
0	0	0	0	0	0	0	1514174
0	0	602086	0	0	0	0	0
0	0	0	0	0	0	0	2514858
0	0	0	109238	0	0	0	0
0	0	0	0	102010	0	0	0
0	0	0	0	92786	0	0	0
0	0	0	0	80614	0	0	0
0	0	0	0	0	0	0	12249722
0	0	0	0	0	0	0	1199098
0	0	0	0	85606	0	0	0
154276	0	0	0	0	0	0	0
0	0	0	0	81654	0	0	0
0	0	0	0	0	0	0	875198
0	0	0	122742	0	0	0	0
0	0	0	0	187374	0	0	0
0	0	0	0	113270	0	0	0
0	0	0	151534	0	0	0	0
0	334654	0	0	0	0	0	0
0	0	0	0	84838	0	0	0
109646	0	0	0	0	0	0	0
0	0	0	0	81654	0	0	0
147140	0	0	0	0	0	0	0
0	0	0	80566	0	0	0	0
0	0	0	0	2316918	0	0	0
0	0	0	0	122742	0	0	0
0	0	0	0	93162	0	0	0
0	0	0	3497526	0	0	0	0
0	0	0	0	76414	0	0	0
124142	0	0	0	0	0	0	0
0	0	0	126886	0	0	0	0
153756	0	0	0	0	0	0	0
116580	0	0	0	0	0	0	0
0	0	0	0	81518	0	0	0
0	0	0	462438	0	0	0	0
0	0	0	84834	0	0	0	0
182746	0	0	0	0	0	0	0
68686	0	0	0	0	0	0	0
0	0	0	0	76770	0	0	0
84664	0	0	0	0	0	0	0
95954	0	0	0	0	0	0	0
0	0	0	0	133746	0	0	0
164624	0	0	0	0	0	0	0
0	0	0	0	240366	0	0	0
0	0	0	0	0	0	0	8788670
0	0	0	0	134114	0	0	0
0	0	0	0	147186	0	0	0
0	0	0	0	0	0	0	2145086
0	0	0	0	93034	0	0	0
74990	0	0	0	0	0	0	0
127290	0	0	0	0	0	0	0
0	0	0	0	85998	0	0	0
0	0	0	2214886	2214654	0	0	0
75304	0	0	0	0	0	0	0
0	0	0	0	98170	0	0	0
0	0	0	0	0	0	0	309950
0	0	0	125934	0	0	0	0
0	0	0	85610	0	0	0	0
0	0	0	0	0	0	0	25956070
0	0	0	0	113662	0	0	0
0	0	0	0	77670	0	0	0
0	0	0	101026	0	0	0	0
0	0	0	0	126834	0	0	0
0	0	0	0	162794	0	0	0
0	0	0	0	12513250	0	0	0
125740	0	0	0	0	0	0	0
0	0	0	0	1956470	0	0	0
0	0	0	0	158458	0	0	0
0	0	0	0	117606	0	0	0
0	0	0	0	94202	0	0	0
0	0	0	0	89974	0	0	0
0	0	0	0	94206	0	0	0
0	0	0	0	0	0	0	23993894
0	0	0	0	93802	0	0	0
154790	0	0	0	0	0	0	0
0	0	0	0	0	0	0	17201854
441108	0	0	0	0	0	0	61315894
0	0	0	0	137826	0	0	0
0	0	0	2420286	0	0	0	0
0	0	0	84530	0	0	0	0
0	0	0	440954	0	0	0	0
139538	0	0	0	0	0	0	0
0	0	0	110138	0	0	0	0
318858	0	0	0	0	0	0	0
0	0	0	0	4136698	0	0	0
0	0	0	0	118654	0	0	0
0	0	0	101170	0	0	0	0
2076556	0	0	0	0	0	0	0
141682	0	0	0	0	0	0	0
109124	0	0	0	0	0	0	0
159292	0	0	0	0	0	0	0
115394	0	0	0	0	0	0	0
121666	0	0	0	0	0	0	0
0	0	0	229366	0	0	0	0
0	0	0	0	76658	0	0	0
0	0	0	0	101242	0	0	0
188808	0	0	0	0	0	0	0
0	0	0	80806	0	0	0	0
158666	0	0	0	0	0	0	0
0	0	0	0	200418	0	0	0
178422	0	0	0	0	0	0	0
101738	0	0	0	0	0	0	0
0	0	0	0	121462	0	0	0
0	0	0	0	167546	0	0	0
0	0	0	0	89974	0	0	0
98936	0	0	0	0	0	0	0
0	0	0	0	88694	0	0	0
0	0	0	0	85742	0	0	0
130758	0	0	0	0	0	0	0
0	0	0	0	88694	0	0	0
71776	0	0	0	0	0	0	0
0	0	0	155370	0	0	0	0
109750	0	0	0	0	0	0	0
0	0	0	0	195562	0	0	0
390708	0	0	0	0	0	0	0
0	0	0	642930	0	0	0	0
0	0	0	0	0	0	0	868070
0	0	0	0	93802	0	0	0
82784	0	0	0	0	0	0	0
105866	0	0	0	0	0	0	0
0	0	0	0	7299046	0	0	0
0	0	0	0	0	0	0	14986982
0	0	0	0	88694	0	0	0
0	0	0	0	158458	0	0	0
157410	0	0	0	0	0	0	0
0	0	0	0	0	0	0	589738
0	0	0	0	97018	0	0	0
14219432	0	0	0	0	0	0	0
0	0	0	0	92922	0	0	0
108496	0	0	0	0	0	0	0
0	0	0	0	0	0	0	4161138
81840	0	0	0	0	0	0	0
0	0	0	142070	0	0	0	0
0	0	0	0	162794	0	0	0
0	0	0	0	0	0	0	26102706
0	0	0	0	97914	0	0	0
148086	0	0	0	0	0	0	0
0	0	0	0	110326	0	0	0
0	0	0	0	97258	0	0	0
0	0	0	0	77670	0	0	0
0	0	0	102334	0	0	0	0
132962	0	0	0	0	0	0	0
98462	0	0	0	0	0	0	0
139896	0	0	0	0	0	0	0
108496	0	0	0	0	0	0	0
0	0	0	89646	0	0	0	0
0	0	0	0	0	0	0	21786350
8655744	0	0	0	0	0	0	0
0	0	0	0	150142	0	0	0
0	0	0	0	192370	0	0	0
0	0	0	93810	0	0	0	0
0	0	0	0	0	0	0	395810
0	0	0	0	0	0	0	4754426
0	0	0	106038	0	0	0	0
309494	0	0	0	0	0	0	0
0	0	0	110138	0	0	0	0
0	0	0	0	81654	0	0	0
0	0	0	0	0	0	0	257650
92818	0	0	0	0	0	0	0
75258	0	0	0	0	0	0	0
118530	0	0	0	0	0	0	0
98304	0	0	0	0	0	0	0
107980	0	0	0	0	0	0	0
4634242	0	0	0	0	0	0	0
123234	0	0	0	0	0	0	0
0	0	0	9449334	0	0	0	0
0	0	0	0	0	0	0	5414438
0	0	0	0	85886	0	0	0
0	0	0	5267318	0	0	0	0
149976	0	0	0	0	0	0	0
2668250	0	0	0	0	0	0	0
0	0	0	359142	0	0	0	0
0	0	0	133822	0	0	0	0
0	0	0	80758	0	0	0	0
0	0	0	0	130026	0	0	0
4314088	0	0	0	0	0	0	0
0	0	0	0	106090	0	0	0
0	0	0	0	3816162	0	0	0
2021582	0	0	0	0	0	0	0
0	0	0	0	76522	0	0	0
0	0	0	0	0	0	0	16805418
97208	0	0	0	0	0	0	0
0	0	0	0	77554	0	0	0
0	0	0	0	143202	0	0	0
0	0	0	0	77670	0	0	0
0	0	0	73534	0	0	0	0
0	0	0	0	0	0	0	10775474
0	0	0	0	146290	0	0	0
0	0	0	0	151142	0	0	0
0	0	0	0	0	0	0	19741498
117590	0	0	0	0	0	0	0
0	0	0	0	0	0	0	3628774
63525080	0	0	0	76390	0	0	0
97834	0	0	0	0	0	0	0
168388	0	0	0	0	0	0	0
0	0	0	0	93162	0	0	0
0	0	0	0	101098	0	0	0
114140	0	0	0	0	0	0	1489854
0	0	0	0	114430	0	0	0
0	0	0	0	176110	0	0	0
0	0	0	0	101098	0	0	0
0	0	0	88874	0	0	0	0
0	0	0	0	89830	0	0	0
106106	0	0	0	0	0	0	0
95954	0	0	0	0	0	0	0
1274658	0	0	0	0	0	0	0
0	0	0	3264046	0	0	0	0
171208	0	0	0	0	0	0	0
0	0	0	9477758	0	0	0	0
0	0	0	0	0	0	0	5561150
0	0	0	85678	0	0	0	0
0	0	0	76726	0	0	0	0
79020	0	0	0	0	0	0	0
0	0	0	0	0	0	0	1538750
0	0	0	0	101354	0	0	0
111412	0	0	0	0	0	0	0
0	0	0	0	0	0	0	8474538
0	0	0	0	130658	0	0	0
0	0	94190	0	0	0	0	0
0	0	0	4779686	0	0	0	0
4158558	0	0	0	0	0	0	0
0	0	0	0	81662	0	0	0
95954	0	0	0	0	0	0	0
117030	0	0	0	0	0	0	0
0	0	0	0	129890	0	0	0
0	0	0	0	0	0	0	405230
0	0	0	69566	0	0	0	0
155412	0	0	0	0	0	0	0
0	0	0	109486	0	0	0	0
112258	0	0	0	0	0	0	0
0	0	0	1154866	0	0	0	0
0	0	0	0	0	0	0	437874
0	0	0	227958	0	0	0	0
0	0	0	4705898	0	0	0	0
0	0	0	105394	0	0	0	0
0	0	0	1679034	0	0	0	0
0	0	0	0	89070	0	0	0
0	0	0	0	109294	0	0	0
75572	0	0	0	0	0	0	0
75258	0	0	0	0	0	0	0
81530	0	0	0	0	0	0	0
1450570	0	0	0	0	0	0	0
0	0	0	93886	0	0	0	0
74900	0	0	0	0	0	0	0
0	0	0	0	102394	0	0	0
0	0	0	0	0	0	0	1089262
135460	0	0	0	0	0	0	0
0	0	0	97258	0	0	0	0
0	0	0	0	121710	0	0	0
0	0	0	0	90086	0	0	0
0	0	0	80566	0	0	0	0
0	0	0	0	400378	0	0	0
96100	0	0	0	0	0	0	0
0	0	0	0	0	0	0	2915250
0	77897726	0	0	0	0	0	224054
125402	0	0	0	0	0	0	0
0	0	0	0	0	0	0	3549814
0	0	0	0	118510	0	0	0
185266	0	0	0	0	0	0	0
0	0	0	0	113662	0	0	0
0	0	0	0	98154	0	0	0
0	0	0	81714	0	0	0	0
0	0	0	0	110462	0	0	0
0	0	0	109366	0	0	0	0
0	0	0	0	109182	0	0	0
0	0	0	15104610	0	0	0	0
0	0	0	106490	0	0	0	0
138284	0	0	0	0	0	0	0
98304	0	0	0	0	0	0	0
0	0	0	110566	0	0	0	0
83724	0	0	0	0	0	0	0
0	0	0	0	97018	0	0	0
0	0	0	0	89974	0	0	0
199128	0	0	0	0	0	0	0
0	0	0	0	147186	0	0	0
0	0	0	0	395874	0	0	0
0	0	0	138106	0	0	0	0
0	0	0	0	142194	0	0	0
154276	0	0	0	0	0	0	0
0	0	0	891558	0	0	0	0
0	0	0	0	134882	0	0	0
0	0	0	0	106346	0	0	0
1002480	0	0	0	0	0	0	0
0	0	0	0	0	0	0	3145446
0	0	0	0	88806	0	0	0
0	0	0	146038	0	0	0	0
0	0	0	0	105058	0	0	0
0	0	0	0	135026	0	0	0
0	0	0	0	687990	0	0	0
0	0	0	191398	0	0	0	0
0	0	0	142070	0	0	0	0
0	0	0	77674	0	0	0	0
0	20963326	0	0	0	0	0	0
77396	0	0	0	154230	0	0	0
110690	0	0	0	0	0	0	0
0	0	0	252530	0	0	0	0
0	0	0	0	3361782	0	0	0
109750	0	0	0	0	0	0	0
0	0	0	0	93162	0	0	0
81216	0	0	0	0	0	0	0
0	0	0	0	81890	0	0	0
0	0	0	0	0	0	0	1412846
1842498	0	0	0	0	0	0	0
0	0	0	0	109438	0	0	0
104420	0	0	0	0	0	0	0
160720	0	0	0	0	0	0	0
0	0	0	0	0	0	0	4352946
86134	0	0	0	0	0	0	0
0	0	0	0	474978	0	0	0
86648	0	0	0	0	0	0	0
102224	0	0	0	0	0	0	0
217302	0	0	0	0	0	0	0
88428	0	0	0	0	0	0	0
767708	0	0	0	0	0	0	789110
118470	0	0	0	0	0	0	0
95640	0	0	0	0	0	0	0
0	0	0	864118	0	0	0	0
0	0	0	0	0	0	0	950186
0	0	0	0	106234	0	0	0
0	0	0	76462	0	0	0	0
0	0	0	0	0	0	0	596914
0	0	0	0	0	0	0	1149474
0	0	0	0	93162	0	0	0
0	0	0	0	0	0	0	1654310
0	0	0	0	138210	0	0	0
122250	0	0	0	0	0	0	0
0	9527294	0	0	0	0	0	0
117276	0	0	0	0	0	0	0
14818696	0	0	0	0	0	0	0
0	0	0	0	0	0	0	25111546
179676	0	0	0	0	0	0	0
0	0	0	92714	0	0	0	0
979592	0	0	0	0	0	0	0
0	0	0	2661986	0	0	0	0
2328252	0	0	0	0	0	0	0
0	0	0	0	92922	0	0	0
0	1404526	0	0	1392610	0	0	0
0	0	0	0	150374	0	0	0
108604	0	0	0	0	0	0	0
0	0	0	106494	0	0	0	0
0	0	0	0	96874	0	0	0
0	0	0	0	102002	0	0	0
0	0	0	0	0	0	0	21413490
143554	0	0	0	0	0	0	0
0	0	0	0	113662	0	0	0
0	0	0	0	94062	0	0	0
0	0	0	0	3968874	0	0	0
0	0	0	0	0	0	0	1157750
0	0	0	0	134770	0	0	0
82784	0	0	0	0	0	0	0
0	0	0	0	84982	0	0	0
0	0	0	0	0	0	0	245674
173292	0	0	0	0	0	0	0
0	0	0	0	0	0	0	6704122
0	0	0	0	130034	0	0	0
0	0	0	0	0	0	0	880358
0	0	0	0	0	0	0	4184766
0	0	0	0	302954	0	0	0
0	0	0	0	171642	0	0	0
90112	0	0	0	0	0	0	104124018
0	0	0	73530	0	0	0	0
95782	0	0	0	0	0	0	0
111538	0	0	0	0	0	0	0
0	0	0	81446	0	0	0	0
104546	0	0	0	0	0	0	0
0	0	0	89706	0	0	0	0
0	0	0	100898	970486	0	0	2022078
198488	0	0	0	0	0	0	0
129506	0	0	0	0	0	0	0
169954	0	0	0	0	0	0	0
0	0	0	0	114422	0	0	0
0	0	0	0	97890	0	0	0
0	0	0	0	80502	0	0	0
93756	0	0	0	0	0	0	0
0	0	0	0	139250	0	0	0
0	0	0	77746	0	0	0	0
0	0	0	0	89830	0	0	0
0	0	0	0	102250	0	0	0
84664	0	0	0	0	0	0	0
128878	0	0	0	0	0	0	0
85072	0	0	0	0	0	0	0
0	0	0	113258	0	0	0	0
0	0	0	0	0	0	0	20020026
0	0	0	0	0	0	0	14331506
0	0	0	0	90086	0	0	0
12553926	0	0	0	0	0	0	0
108386	0	0	0	0	0	0	0
0	0	0	0	81766	0	0	0
0	0	0	0	150374	0	0	0
119158	0	0	0	0	0	0	0
183440	0	0	0	0	0	0	0
0	0	0	106486	0	0	0	0
0	0	0	0	90086	0	0	0
74990	0	0	0	0	0	0	0
0	0	0	0	0	0	0	1929062
0	0	0	0	133730	0	0	0
0	0	0	0	0	0	0	4270782
0	0	0	93994	0	0	0	0
152082	0	0	0	0	0	0	0
0	0	0	0	97914	0	0	0
0	0	0	0	85606	0	0	0
0	0	0	114486	0	0	0	0
0	0	0	0	117614	0	0	0
0	0	0	0	5294846	0	0	0
8276976	0	0	0	0	0	0	0
0	0	0	69546	0	0	0	0
112886	0	0	0	0	0	0	0
120098	0	0	0	0	0	0	0
226542	0	0	0	0	0	0	0
150606	0	0	0	0	0	0	0
85920	0	0	0	0	0	0	0
0	0	0	0	0	0	0	1396334
0	0	0	0	84734	0	0	0
84038	0	0	0	0	0	0	0
0	0	0	0	77430	0	0	0
0	0	0	0	101114	0	0	0
0	0	0	0	334706	0	0	0
11774532	0	0	0	0	0	0	0
0	0	0	2236030	0	0	0	0
0	0	0	350826	0	0	0	0
98462	0	0	0	0	0	0	0
23977710	0	0	0	0	0	0	0
0	0	0	0	118374	0	0	0
0	0	0	94186	0	0	0	0
0	0	0	0	118510	0	0	0
0	0	0	0	80890	0	0	0
0	0	0	0	0	0	0	809782
0	0	0	0	129890	0	0	0
0	0	0	0	0	0	0	892454
0	0	0	192170	0	0	0	0
763226	0	0	0	0	0	0	0
0	0	0	0	167794	0	0	0
0	0	0	0	0	0	0	1198626
0	0	0	0	371438	0	0	0
0	0	0	0	1363558	0	0	0
0	0	0	0	90086	0	0	0
172462	0	0	0	0	0	0	0
22771238	0	0	0	0	0	0	22806058
0	0	0	0	89726	0	0	0
111632	0	0	0	0	0	0	0
138634	0	0	0	0	0	0	0
116580	0	0	0	0	0	0	0
100656	0	0	0	0	0	0	0
0	0	0	0	77670	0	0	0
1307886	0	0	0	0	0	0	0
0	0	0	0	77430	0	0	0
0	0	0	0	0	0	0	965430
0	0	0	0	77558	0	0	0
136088	0	0	0	0	0	0	0
0	0	0	7868030	0	0	0	0
0	0	0	0	97914	0	0	0
0	0	0	0	80614	0	0	0
0	0	0	0	114286	0	0	0
0	0	0	0	84982	0	0	0
0	0	0	121514	0	0	0	0
248280	0	0	0	0	0	0	0
0	0	0	0	110198	0	0	0
0	0	0	0	146426	0	0	0
0	93806	0	0	0	0	0	0
0	0	0	0	97018	0	0	0
0	0	0	0	84982	0	0	0
0	0	0	0	89070	0	0	0
0	0	0	0	0	0	0	401322
96120	0	0	0	0	0	0	0
156908	0	0	0	0	0	0	0
0	0	0	0	182910	0	0	0
0	0	0	0	76526	0	0	0
129812	0	0	0	0	0	0	0
0	0	0	0	211682	0	0	0
0	0	0	2435874	0	0	0	0
0	0	0	0	97018	0	0	0
0	0	0	0	81890	0	0	0
0	0	0	0	90086	0	0	0
0	0	0	0	102114	0	0	0
93894	0	0	0	0	0	0	0
76564	0	0	0	0	0	0	0
0	0	0	1662578	0	0	0	0
100196	0	0	0	0	0	0	0
0	0	0	0	80614	0	0	0
105236	0	0	0	129314658	0	0	0
84038	0	0	0	0	0	0	0
154704	0	0	0	0	0	0	0
0	0	0	0	122606	0	0	0
0	0	0	0	102258	0	0	0
0	0	0	88878	0	0	0	0
120046	0	0	0	0	0	0	0
3722694	0	0	0	0	0	0	0
0	0	0	147186	0	0	0	1854386
114846	0	0	0	0	0	0	0
0	0	0	0	211682	0	0	0
0	0	0	0	224250	0	0	0
0	0	0	0	101242	0	0	42277690
126684	0	0	0	0	0	0	0
0	0	0	0	81766	0	0	0
0	0	0	0	0	0	0	20188710
0	0	0	0	0	0	0	7494458
0	0	0	0	171626	0	0	0
0	0	0	0	73570	0	0	0
182254	0	0	0	0	0	0	0
0	0	0	2669302	0	0	0	0
145428	0	0	0	0	0	0	0
121086	0	0	0	0	0	0	0
0	0	0	0	0	0	0	3923814
4402884	0	0	0	0	0	0	0
0	0	0	0	352230	0	0	0
77194	0	0	0	0	0	0	0
137936	0	0	0	0	0	0	0
0	0	0	0	293866	0	0	0
0	0	0	0	84982	0	0	0
0	0	0	1838846	0	0	0	0
112258	0	0	0	0	0	0	0
118216	0	0	0	0	0	0	0
93444	0	0	0	0	0	0	0
0	0	0	0	0	0	0	548394
118530	0	0	0	0	0	0	0
275376	0	0	0	0	0	0	0
0	0	0	0	96874	0	0	0
121038	0	0	0	0	0	0	0
0	0	0	97186	0	0	0	0
0	0	0	0	102250	0	0	0
177794	0	0	0	0	0	0	0
0	0	0	0	0	0	0	3288814
0	24095278	0	0	0	0	0	0
104418	0	0	0	0	0	0	0
95154	0	0	0	0	0	0	0
0	0	0	0	97890	0	0	0
0	0	0	0	80614	0	0	0
0	14249582	0	0	0	0	0	0
0	0	0	0	0	0	0	12177254
0	0	0	1747638	0	0	0	0
0	0	0	101346	0	0	0	0
103346	0	0	0	0	0	0	0
0	0	0	76330	0	0	0	0
147456	0	0	0	0	0	0	0
0	0	0	0	84838	0	0	0
89482	0	0	0	0	0	0	0
2378200	0	0	0	0	0	0	0
0	0	0	0	338530	0	0	0
0	0	0	0	89726	0	0	0
0	0	0	0	0	0	0	17668798
0	0	0	0	113518	0	0	0
0	0	0	0	88806	0	0	0
68688	0	0	0	0	0	0	0
0	797358	0	0	0	0	0	0
0	0	0	0	179966	0	0	0
0	0	0	0	114422	0	0	0
0	0	0	0	105066	0	0	0
0	0	0	0	0	0	0	19303418
0	0	0	0	4906982	0	0	0
0	0	0	114406	0	0	0	0
0	0	0	0	162410	0	0	0
0	0	0	72254	0	0	0	0
0	0	0	183854	0	0	0	0
0	0	0	0	0	0	0	465722
0	0	0	97258	0	0	0	0
0	0	0	0	134882	0	0	0
0	0	0	0	101242	0	0	0
0	0	0	6507186	6512502	0	0	0
126032	0	0	0	0	0	0	0
115080	0	0	0	0	0	0	0
0	0	0	233406	0	0	0	70478842
106614	0	0	0	0	0	0	0
0	0	0	0	0	0	0	1404646
0	0	0	0	93938	0	0	0
0	0	0	0	93178	0	0	0
0	0	0	1022842	0	0	0	0
0	0	0	0	77806	0	0	0
0	0	0	0	113518	0	0	0
134834	0	0	0	0	0	0	0
0	0	0	0	0	0	0	2304546
0	0	0	0	0	0	0	7270246
0	0	0	84658	0	0	0	0
0	0	0	0	88694	0	0	0
0	0	0	0	114282	0	0	0
0	0	0	0	76386	0	0	0
0	0	0	0	6774646	0	0	0
0	0	0	0	94202	0	0	0
0	0	0	0	90110	0	0	0
0	0	0	0	163562	0	0	0
0	0	0	0	130658	0	0	0
0	0	0	171898	0	0	0	0
106182	0	0	0	0	0	0	0
0	0	0	0	122606	0	0	0
0	0	0	0	0	0	0	2404194
0	0	0	0	0	0	0	6475494
0	0	0	0	191090	0	0	0
74630	0	0	0	0	0	0	0
0	0	0	105002	0	0	0	0
0	0	0	0	166514	0	0	0
108072	0	0	0	0	0	0	0
0	0	0	0	11710334	0	0	0
0	0	0	0	126946	0	0	0
0	0	0	0	143090	0	0	0
0	0	0	1863654	0	0	0	0
564234	0	0	0	0	0	0	0
0	0	0	84966	0	0	0	0
3839030	0	0	0	0	0	0	0
0	0	0	0	84982	0	0	0
0	0	0	0	129890	0	0	0
0	0	0	887586	0	0	0	0
193176	0	0	0	0	0	0	0
0	0	0	0	0	0	0	5561150
3692280	0	0	0	0	0	0	0
102852	0	0	0	0	0	0	0
2337348	0	0	0	0	0	0	0
70264	0	0	0	0	0	0	0
0	0	0	0	125554	0	0	0
0	0	0	0	159334	0	0	0
0	0	0	94122	108645230	0	0	0
0	0	0	0	97914	0	0	0
0	0	0	0	0	0	0	3882538
0	0	0	0	151142	0	0	0
0	0	0	0	0	0	0	13700090
0	0	0	0	18907118	0	0	0
0	0	0	0	0	0	0	9178862
0	0	0	1207918	0	0	0	0
80660	0	0	0	0	0	0	0
84442	0	0	0	0	0	0	0
0	0	0	175918	0	0	0	0
0	0	0	6225590	0	0	0	0
111538	0	0	0	0	0	0	0
122920	0	0	0	0	0	0	0
167622	0	0	0	0	0	0	0
1846980	0	0	0	0	0	0	0
0	0	0	0	89974	0	0	0
0	18484990	0	0	0	0	0	0
89482	0	0	0	0	0	0	0
0	0	0	0	93178	0	0	0
80030	0	0	0	0	0	0	0
78768	0	0	0	0	0	0	0
149976	0	0	0	0	0	0	0
188416	0	0	0	0	0	0	0
123826	0	0	0	0	0	0	0
0	0	0	0	0	0	0	15760182
0	0	0	141986	0	0	0	0
99566	0	0	0	0	0	0	0
0	0	0	0	0	0	0	4487870
89482	0	0	0	0	0	0	0
89482	0	0	0	0	0	0	0
0	0	0	0	146146	0	0	0
0	0	0	0	167786	0	0	0
99566	0	0	0	0	0	0	0
0	0	0	0	88694	0	0	0
0	0	0	109350	0	0	0	0
82552	0	0	0	0	0	0	0
0	0	0	89654	0	0	0	0
0	0	0	4070202	0	0	0	0
0	0	0	0	806502	0	0	0
0	0	0	0	0	0	0	520098
0	0	0	0	163446	0	0	0
0	0	0	293618	0	0	0	0
0	0	0	0	77670	0	0	0
0	0	0	0	93802	0	0	0
88852	0	0	0	0	0	0	0
148716	0	0	0	0	0	0	0
0	0	0	88822	0	0	0	0
3934680	0	0	0	0	0	0	0
0	0	0	100910	0	0	0	0
0	0	0	0	88694	0	0	0
0	0	0	0	109430	0	0	0
0	0	0	0	76414	0	0	0
0	0	0	0	0	0	0	3559266
0	0	0	3402402	0	0	0	0
105866	0	0	0	0	0	0	0
115634	0	0	0	0	0	0	0
0	0	0	0	94202	0	0	0
0	0	0	0	77806	0	0	0
0	0	0	0	719602	0	0	0
0	0	0	0	1466230	0	0	0
0	0	0	0	141946	0	0	0
0	0	0	0	0	0	0	22663082
0	0	0	8818482	0	0	0	42815206
0	0	0	0	81894	0	0	0
152496	0	0	0	0	0	0	0
0	0	0	2534050	0	0	0	0
0	0	0	90106	0	0	0	0
229062	0	0	0	0	0	0	0
0	0	0	0	93178	0	0	0
0	0	0	0	122606	0	0	0
81290	0	0	0	0	0	0	0
0	0	0	0	85886	0	0	0
0	0	0	0	187246	0	0	0
0	0	0	167846	0	0	0	0
135482	0	0	0	0	0	0	0
105864	0	0	0	0	0	0	0
0	0	0	0	0	0	0	920178
0	0	0	0	0	0	0	162598
0	0	0	0	143226	0	0	0
0	0	0	0	207842	0	0	0
0	0	0	0	240510	0	0	0
148718	0	0	0	0	0	0	0
0	0	0	0	0	0	0	6601530
0	0	0	0	106234	0	0	0
106182	0	0	0	0	0	0	0
0	0	0	109098	0	0	0	0
143990	0	0	0	0	0	0	0
0	0	0	89854	0	0	0	0
102716	0	0	0	0	0	0	0
5653742	0	0	0	0	0	0	0
3617082	0	0	0	0	0	0	0
0	0	0	0	1121010	0	0	0
150608	0	0	0	0	0	0	0
15824422	0	0	0	0	0	0	0
0	0	0	0	0	0	0	511530
0	0	0	162678	0	0	0	0
0	0	0	0	0	0	0	6319730
161948	0	0	0	0	0	0	0
0	0	0	69294	0	0	0	0
0	0	0	0	0	0	0	559734
0	0	0	0	76658	0	0	0
0	0	0	0	166890	0	0	0
0	0	0	0	3882602	0	0	0
0	0	0	0	97258	0	0	0
0	0	0	0	122606	0	0	0
124456	0	0	0	0	0	0	0
0	0	0	0	77666	0	0	0
5166002	0	0	0	0	0	0	0
0	0	0	0	105466	0	0	0
0	0	0	0	0	0	0	11538158
0	0	0	77614	0	0	0	0
0	0	0	0	0	0	0	5734314
104606	0	0	0	0	0	0	0
0	0	0	0	0	0	0	14438242
0	0	0	0	125554	0	0	0
0	0	0	0	0	0	0	4414314
0	0	0	0	195570	0	0	0
0	0	0	0	478822	0	0	0
0	0	0	0	85750	0	0	0
68058	0	0	0	0	0	0	0
0	0	0	0	0	0	0	3242686
0	0	0	0	101114	0	0	0
184636	0	0	0	0	0	0	0
0	0	0	0	0	0	0	5077694
0	0	0	0	121838	0	0	0
0	0	0	0	122494	0	0	0
0	0	0	0	90086	0	0	0
0	0	0	0	80498	0	0	0
0	0	0	0	0	0	0	23600686
0	0	0	0	208626	0	0	0
0	0	0	0	113662	0	0	0
903642	0	0	0	0	0	0	0
0	0	0	0	130034	0	0	0
0	0	0	0	97018	0	0	0
0	0	0	1768178	1773426	0	0	0
131072	0	0	0	0	0	0	0
4799882	0	0	0	0	0	0	0
0	20343790	0	0	0	0	0	0
1438642	0	0	0	0	0	0	1474486
0	0	0	93930	0	0	0	0
0	0	0	0	114286	0	0	0
0	0	0	2559590	0	0	0	0
127292	0	0	0	0	0	0	0
0	0	0	0	0	0	0	319214
0	0	0	0	0	0	0	1953390
0	0	0	0	0	0	0	326314
15855932	0	0	0	0	0	0	0
0	0	0	0	138098	0	0	0
0	0	0	0	93030	0	0	0
66796	0	0	0	0	0	0	0
0	0	0	0	174714	0	0	0
79400	0	0	0	0	0	0	0
0	0	0	0	11299690	0	0	0
476396	0	0	0	0	0	0	0
0	0	0	92834	0	0	0	0
0	0	0	0	6888418	0	0	0
2043588	0	0	0	0	0	0	0
7521200	0	0	0	0	0	0	0
0	0	0	0	143202	0	0	0
0	0	0	0	196330	0	0	0
0	0	0	3615350	0	0	0	0
0	0	0	0	77430	0	0	0
0	0	0	0	125666	0	0	0
127292	0	0	0	0	0	0	0
0	19152702	0	0	0	0	0	0
176636	0	0	0	0	0	0	0
0	0	0	114674	0	0	0	0
0	0	0	0	93162	0	0	0
136688	0	0	0	0	0	0	0
137656	0	0	0	0	0	0	0
0	0	0	0	0	0	0	10369970
0	0	0	0	17440754	0	0	0
121666	0	0	0	0	0	0	0
215332	0	0	0	0	0	0	0
0	0	0	0	155366	0	0	0
0	0	0	81590	0	0	0	0
13250188	0	0	0	0	0	0	0
0	0	0	0	0	0	0	233066
0	0	0	0	0	0	0	15338018
0	0	0	0	81518	0	0	0
93000	0	0	0	0	0	0	0
114220	0	0	0	0	0	0	0
0	0	0	101230	0	0	0	0
313884	0	0	0	0	0	0	0
93624	0	0	0	0	0	0	0
0	0	0	0	1502946	0	0	0
0	0	0	0	113514	0	0	0
12522368	0	0	0	0	0	0	0
0	0	0	0	2928622	0	0	0
0	0	0	0	430074	0	0	0
0	0	0	102014	0	0	0	0
0	0	0	0	0	0	0	233314
67098	0	0	0	0	0	0	0
0	0	0	0	0	0	0	1838946
0	0	0	0	88806	0	0	0
0	0	0	0	0	0	0	72626
0	0	0	84658	0	0	0	0
0	0	0	0	0	0	0	356078
18017698	0	0	0	0	0	0	0
111946	0	0	0	0	0	0	0
0	0	0	0	0	0	0	171946
69614	0	0	0	0	0	0	0
0	0	0	110326	0	0	0	0
0	0	0	0	130658	0	0	0
0	0	0	0	154230	0	0	0
0	0	0	0	290410	0	0	0
0	0	0	0	133730	0	0	0
0	0	0	0	81654	0	0	0
0	0	0	0	84982	0	0	0
117840	0	0	0	0	0	0	0
3298122	0	0	0	0	0	0	0
144868	0	0	0	0	0	0	0
0	0	0	0	92898	0	0	0
0	0	0	163362	0	0	0	0
110064	0	0	0	0	0	0	0
0	0	0	0	98290	0	0	0
0	0	0	0	0	0	0	2711206
115708	0	0	0	0	0	0	0
120990	0	0	0	0	0	0	0
92004	0	0	0	0	0	0	0
0	0	0	622394	0	0	0	0
0	0	0	0	0	0	0	420530
140568	0	0	0	0	0	0	0
97990	0	0	0	0	0	0	0
0	0	0	0	4131442	0	0	0
0	0	0	0	125554	0	0	0
0	0	0	0	113270	0	0	57031358
0	0	0	0	146146	0	0	0
0	0	0	3901986	0	0	0	0
24540082	0	0	0	97018	0	0	0
0	0	0	117734	0	0	0	0
0	0	0	0	88694	0	0	0
0	0	0	0	105066	0	0	0
85702	0	0	0	0	0	0	0
0	0	0	0	101114	0	0	0
0	0	0	0	93938	0	0	0
0	0	0	0	0	0	0	9353918
0	0	0	0	118510	0	0	0
0	0	0	0	84846	0	0	0
0	0	0	0	76658	0	0	0
0	0	0	0	0	0	0	2165366
0	0	0	0	98166	0	0	0
1516780	0	0	0	0	0	0	0
0	0	0	0	122854	0	0	0
4136014	0	0	0	0	0	0	0
0	0	0	221174	0	0	0	0
0	0	0	0	191090	0	0	0
0	0	0	98174	0	0	0	0
149976	0	0	0	0	0	0	0
81604	0	0	0	0	0	0	0
0	0	0	0	0	0	0	2203190
0	0	0	0	106482	0	0	0
84126	0	0	0	0	0	0	0
86962	0	0	0	0	0	0	0
25845130	0	0	0	0	0	0	0
0	0	0	0	0	0	0	327594
0	0	0	536486	0	0	0	0
114688	0	0	0	0	0	0	0
119730	0	0	0	0	0	0	0
0	0	0	0	88806	0	0	0
0	0	0	0	105466	0	0	0
0	0	0	0	85750	0	0	0
0	0	0	0	110574	0	0	0
0	0	0	0	126690	0	0	0
71208	0	0	0	0	0	0	0
0	0	0	0	0	0	0	18545466
99566	0	0	0	0	0	0	0
995012	0	0	0	0	0	0	0
0	0	0	0	76770	0	0	0
91374	0	0	0	0	0	0	0
80660	0	0	0	0	0	0	0
0	0	0	1662846	0	0	0	0
67096	0	0	0	0	0	0	0
72400	0	0	0	0	0	0	0
0	0	0	77734	0	0	0	0
86962	0	0	0	0	0	0	0
122334	0	0	0	0	0	0	0
0	0	0	0	125554	0	0	0
0	0	0	101030	0	0	0	0
0	0	0	0	101242	0	0	0
0	0	0	0	76526	0	0	0
0	0	0	2113334	0	0	0	0
0	0	0	0	76774	0	0	0
117840	0	0	0	0	0	0	0
0	21269182	0	0	0	0	0	0
105236	0	0	0	0	0	0	0
125058	0	0	0	0	0	0	0
0	0	0	0	98170	0	0	0
0	0	0	0	96874	0	0	0
106812	0	0	0	0	0	0	0
89682	0	0	0	0	0	0	0
108388	0	0	0	0	0	0	515626
0	0	0	0	1617790	0	0	0
0	0	0	0	109438	0	0	0
0	0	0	0	163822	0	0	0
86134	0	0	0	0	0	0	0
0	0	0	0	0	0	0	1272626
0	0	0	88878	0	0	0	0
0	0	0	0	0	0	0	7065326
0	0	0	76650	0	0	0	0
24046042	0	0	0	0	0	0	0
159608	0	0	0	0	0	0	0
0	0	0	110514	519146	0	0	0
99880	0	0	0	0	0	0	0
0	0	0	0	109290	0	0	0
0	0	0	0	1625982	0	0	0
142360	0	0	0	0	0	0	0
82552	0	0	0	0	0	0	0
0	0	0	0	98166	0	0	0
130442	0	0	0	0	0	0	0
94524	0	0	0	0	0	0	0
148716	0	0	0	0	0	0	0
0	0	0	0	0	0	0	13663782
67426	0	0	0	0	0	0	0
0	0	0	0	237162	0	0	0
0	0	0	0	147426	0	0	0
0	0	0	0	0	0	0	73254
141784	0	0	0	0	0	0	0
148088	0	0	0	0	0	0	0
0	0	0	0	81766	0	0	0
67732	0	0	0	0	0	0	0
0	0	0	0	89830	0	0	0
0	0	0	0	92922	0	0	0
0	0	0	0	155510	0	0	0
0	0	0	0	105066	0	0	0
92818	0	0	0	0	0	0	0
0	0	0	0	88830	0	0	0
0	0	0	0	109294	0	0	0
0	0	0	129778	0	0	0	0
0	0	0	73662	0	0	0	0
0	0	0	0	130026	0	0	0
0	0	0	0	0	0	0	10845106
96894	0	0	0	0	0	0	0
226082	0	0	0	0	0	0	0
0	0	0	88746	0	0	0	0
0	0	0	0	129778	0	0	0
441588	0	0	0	0	0	0	0
131702	0	0	0	0	0	0	0
120150	0	0	0	0	0	0	0
0	0	0	0	118654	0	0	0
69948	0	0	0	0	0	0	0
276568	0	0	0	0	0	0	0
86332	0	0	0	0	0	0	0
0	0	0	0	0	0	0	4840254
0	0	0	274222	0	0	0	0
213854	0	0	0	0	0	0	0
0	0	0	0	0	0	0	1923774
0	0	0	0	0	0	0	7453546
0	0	0	97010	0	0	0	0
0	0	0	109538	0	0	0	0
0	0	0	122422	0	0	0	0
0	0	0	0	486378	0	0	0
0	0	0	5836714	0	0	0	0
0	0	0	0	130682	0	0	0
0	0	0	77746	0	0	0	0
0	0	0	0	117750	0	0	0
82552	0	0	0	0	0	0	0
149976	0	0	0	0	0	0	0
0	0	0	0	0	0	0	813602
0	0	0	0	80754	0	0	0
0	0	0	133666	0	0	0	0
128238	0	0	0	0	0	0	0
151238	0	0	0	0	0	0	0
136112	0	0	0	0	0	0	0
0	0	0	0	0	0	0	2980666
0	0	0	0	97014	0	0	0
0	0	0	0	166650	0	0	0
0	0	0	0	0	0	0	859686
79018	0	0	0	0	0	0	0
202564	0	0	0	0	0	0	0
0	0	0	121706	0	0	0	0
0	0	0	0	117502	0	0	0
0	0	0	0	110574	0	0	0
0	0	0	0	0	0	0	822194
4315342	0	0	0	0	0	0	0
0	0	0	0	102250	0	0	0
79892	0	0	0	0	0	0	0
0	0	0	0	130682	0	0	0
111004	0	0	0	0	0	0	0
0	0	0	0	109178	0	0	0
0	0	0	1228470	0	0	0	0
150200	0	0	0	0	0	0	0
0	0	0	0	76386	0	0	0
101140	0	0	0	0	0	0	0
80346	0	0	0	0	0	0	0
3269240	0	0	0	0	0	0	0
89996	0	0	0	0	0	0	0
0	0	0	0	0	0	0	974574
197238	0	0	0	0	0	0	0
0	0	0	0	109178	0	0	0
0	0	0	121470	0	0	0	0
108388	0	0	0	0	0	0	0
0	0	0	0	179198	0	0	0
0	0	0	0	77558	0	0	0
0	0	0	0	154606	0	0	0
116648	0	0	0	0	0	0	0
169326	0	0	0	0	0	0	0
0	0	0	0	80502	0	0	0
91372	0	0	0	0	0	0	0
0	0	0	3656678	0	0	0	0
96580	0	0	0	0	0	0	0
96730	0	0	0	0	0	0	0
119728	0	0	0	0	0	0	0
0	0	0	0	97018	0	0	0
0	0	0	0	281446	0	0	0
0	0	0	0	155366	0	0	0
104420	0	0	0	0	0	0	0
0	0	0	0	0	0	0	118630
0	0	0	0	113662	0	0	0
0	0	0	0	167786	0	0	0
78392	0	0	0	0	0	0	0
81530	0	0	0	0	0	0	0
0	0	0	69178	0	0	0	0
0	0	0	0	80890	0	0	0
0	0	0	0	101354	0	0	0
99088	0	0	0	0	0	0	0
0	257646	0	0	0	0	0	0
80346	0	0	0	0	0	0	0
0	0	0	0	101114	0	0	0
95784	0	0	0	0	0	0	0
0	0	0	0	110574	0	0	0
0	0	0	0	81650	0	0	0
126662	0	0	0	0	0	0	0
0	0	0	0	130658	0	0	0
0	0	0	1436582	0	0	0	0
0	0	0	102314	0	0	0	0
289240	0	0	0	0	0	0	0
142360	0	0	0	0	0	0	0
16244106	0	0	0	0	0	0	0
0	0	0	0	0	0	0	970354
0	0	0	0	0	0	0	13905834
0	0	0	0	0	0	0	6277822
0	0	0	0	0	0	0	5995442
0	0	0	163554	0	0	0	0
95496	0	0	0	0	0	0	0
124802	0	0	0	0	0	0	0
0	0	0	0	0	0	0	23723946
0	0	0	81522	0	0	0	0
0	0	0	101030	0	0	0	0
127922	0	0	0	0	0	0	0
104734	0	0	0	0	0	0	0
0	0	0	0	249590	0	0	0
0	0	0	101154	0	0	0	0
0	23641022	0	0	0	0	0	0
0	0	0	0	0	0	0	23592490
0	126574	0	0	0	0	0	0
0	0	0	0	80758	0	0	0
0	0	0	0	77558	0	0	0
0	0	0	0	92786	0	0	0
0	0	0	0	101098	0	0	0
249600	0	0	0	0	0	0	0
5595960	0	0	0	0	0	0	0
120412	0	0	0	0	0	0	0
64910	0	0	0	0	0	0	0
0	0	0	0	155510	0	0	0
86332	0	0	0	0	0	0	0
0	0	0	290470	0	0	0	0
1418900	0	0	0	0	0	0	0
0	0	0	0	142962	0	0	0
0	0	0	0	85606	0	0	0
183376	0	0	0	0	0	0	0
0	0	0	0	105466	0	0	0
0	0	0	0	118510	0	0	0
0	0	0	0	0	0	0	16649838
0	0	0	0	105058	0	0	0
678250	0	0	0	0	0	0	0
0	0	0	14659322	0	0	0	0
0	871150	0	0	0	0	0	0
209776	0	0	0	0	0	0	0
103346	0	0	0	0	0	0	0
72468	0	0	0	0	0	0	0
0	0	0	0	122742	0	0	0
0	0	0	0	147298	0	0	0
0	0	0	0	0	0	0	12737458
0	0	0	96886	0	0	0	0
0	0	0	77690	0	0	0	0
0	0	0	0	89830	0	0	0
0	0	0	0	0	0	0	17885814
0	0	0	0	892538	0	0	0
0	0	0	0	131058	0	0	0
0	0	0	0	102010	0	0	0
0	0	0	0	154230	0	0	0
0	0	0	0	113266	0	0	0
157726	0	0	0	0	0	0	0
0	0	0	0	146038	0	0	0
0	0	0	0	170978	0	0	0
132012	0	0	0	0	0	0	0
0	0	0	0	105442	0	0	0
0	0	0	0	0	0	0	3070774
0	0	0	0	171642	0	0	0
0	0	0	89762	0	0	0	0
120774	0	0	0	0	0	0	0
97674	0	0	0	0	0	0	0
157410	0	0	0	0	0	0	0
0	0	0	0	76526	0	0	0
174554	0	0	0	0	0	0	0
0	0	0	0	1355758	0	0	0
82552	0	0	0	0	0	0	0
0	0	0	0	0	0	0	764450
90308	0	0	0	0	0	0	0
0	0	0	0	613118	0	0	0
0	0	0	6781562	0	0	0	0
87276	0	0	0	0	0	0	0
78456	0	0	0	0	0	0	0
0	0	0	0	122878	0	0	0
0	0	0	0	97258	0	0	0
0	0	0	0	101354	0	0	0
0	0	0	89006	0	0	0	0
95154	0	0	0	0	0	0	0
77824	0	0	0	0	0	0	0
71838	0	0	0	0	0	0	0
0	0	0	0	162406	0	0	0
0	0	0	106302	0	0	0	0
191906	0	0	0	0	0	0	0
0	0	0	0	76658	0	0	0
0	0	0	0	92922	0	0	0
356666	0	0	0	0	0	0	0
127292	0	0	0	0	0	0	0
0	0	0	0	0	0	0	2162218
0	0	0	117602	0	0	0	0
220238	0	0	0	0	0	0	0
0	0	0	17832890	0	0	0	0
222444	0	0	0	0	0	0	0
0	6859310	0	0	0	0	0	0
209842	0	0	0	0	0	0	0
0	0	0	0	6000354	0	0	0
0	0	0	0	102002	0	0	0
0	0	0	0	0	0	0	310826
0	0	0	0	0	0	0	22470186
0	0	0	212982	0	0	0	0
0	0	0	0	0	0	0	22523750
0	0	0	0	278498	0	0	0
0	0	0	89006	0	0	0	0
0	0	0	0	0	0	0	9296694
0	0	0	88874	0	0	0	0
132962	0	0	0	0	0	0	0
0	0	0	0	146294	0	0	0
0	0	0	0	122854	0	0	0
0	0	0	0	102250	0	0	0
0	0	0	0	114286	0	0	0
0	0	0	0	110198	0	0	0
85606	0	0	0	0	0	0	0
126056	0	0	0	0	0	0	0
74942	0	0	0	0	0	0	0
85072	0	0	0	0	0	0	0
0	0	0	109350	0	0	0	0
0	0	0	11471522	0	0	0	0
98304	0	0	0	0	0	0	0
0	0	0	0	118510	0	0	0
0	0	0	85998	0	0	0	0
0	0	0	0	679654	0	0	0
0	0	0	0	0	0	0	3668670
0	0	0	0	92786	0	0	0
95640	0	0	0	0	0	0	0
131072	0	0	0	0	0	0	0
0	0	0	0	22126202	0	0	0
0	0	0	0	143202	0	0	0
0	0	0	0	138210	0	0	0
0	0	0	696114	0	0	0	0
0	0	0	0	84982	0	0	0
0	0	0	3582582	0	0	0	0
0	0	0	0	154230	0	0	0
0	0	0	0	151286	0	0	0
0	0	0	1792550	0	0	0	0
120046	0	0	0	0	0	0	0
0	0	0	0	109294	0	0	0
0	0	0	166782	199658	0	0	0
0	0	0	0	0	0	0	2780902
117276	0	0	0	0	0	0	0
136088	0	0	0	0	0	0	0
0	0	0	0	0	0	0	24907502
125402	0	0	0	0	0	0	0
0	0	0	0	102114	0	0	0
0	0	0	0	81766	0	0	0
77508	0	0	0	0	0	0	0
0	0	0	7327278	7322478	0	0	0
111632	0	0	0	0	0	0	0
0	0	0	162594	0	0	0	0
151766	0	0	0	0	0	0	0
87800	0	0	0	0	0	0	0
0	0	0	0	96874	0	0	0
0	0	0	0	9177698	0	0	0
0	0	0	0	0	0	0	18033186
0	0	0	0	0	0	0	6032934
104234	0	0	0	0	0	0	0
116022	0	0	0	0	0	0	0
116962	0	0	0	0	0	0	0
0	0	0	106174	0	0	0	0
0	0	0	0	81894	0	0	82619386
0	0	0	0	0	0	0	19263214
0	0	0	0	0	0	0	25672226
0	0	0	0	146290	0	0	129624610
0	0	0	0	122878	0	0	0
111004	0	0	0	0	0	0	0
0	0	0	0	0	0	0	1261294
0	0	0	0	146146	0	0	0
0	0	0	0	0	0	0	1646506
0	0	0	11407082	0	0	0	0
0	0	0	0	121710	0	0	0
0	0	0	0	2517994	0	0	0
0	9846590	0	0	0	0	0	0
0	0	0	0	203634	0	0	0
126662	0	0	0	0	0	0	0
90622	0	0	0	0	0	0	0
0	0	0	0	77802	0	0	0
114454	0	0	0	0	0	0	0
0	0	0	114354	0	0	0	0
0	0	0	0	117502	0	0	0
0	0	0	0	0	0	0	20836198
0	0	0	0	97122	0	0	0
0	0	0	0	109158	0	0	0
0	0	0	0	142206	0	0	0
0	0	0	1470374	0	0	0	0
977370	0	0	0	0	0	0	0
0	0	0	0	0	0	0	298726
0	0	0	0	158318	0	0	0
0	0	0	0	139250	0	0	0
0	0	0	0	88694	0	0	0
0	0	0	0	129778	0	0	0
0	0	0	0	81662	0	0	0
156908	0	0	0	0	0	0	0
0	0	0	0	614262	0	0	0
0	0	0	0	93178	0	0	0
6595820	0	0	0	0	0	0	0
74360	0	0	0	0	0	0	0
110278	0	0	0	0	0	0	0
0	0	0	0	110574	0	0	0
0	0	0	3296226	0	0	0	0
131702	0	0	0	0	0	0	0
0	0	0	0	73714	0	0	0
0	0	0	0	1555454	0	0	0
0	0	0	0	138234	0	0	0
0	0	0	0	118510	0	0	0
87590	0	0	0	0	0	0	0
0	0	0	25045794	0	0	0	0
0	0	0	0	125554	0	0	0
90744	0	0	0	0	0	0	0
0	0	0	0	0	0	0	797218
0	0	0	0	129890	0	0	0
111224	0	0	0	0	0	0	0
0	0	0	0	125666	0	0	0
0	0	0	0	0	0	0	19544694
0	0	0	0	0	0	0	544486
0	0	0	0	97890	0	0	0
80030	0	0	0	0	0	0	0
1093632	0	0	0	0	0	0	0
69946	0	0	0	0	0	0	0
124772	0	0	0	0	0	0	0
114688	0	0	0	0	0	0	0
0	0	0	229346	0	0	0	0
0	0	0	0	122606	0	0	0
0	0	0	11857522	0	0	0	0
130758	0	0	0	0	0	0	0
0	0	0	0	163446	0	0	0
0	0	0	326386	0	0	0	0
0	0	0	0	0	0	0	470886
0	0	0	2263730	0	0	0	0
0	0	0	180082	0	0	0	0
0	0	0	147250	0	0	0	0
267500	0	0	0	0	0	0	0
0	0	0	0	10304226	0	0	0
0	0	0	0	117374	0	0	0
0	6081518	0	0	0	0	0	0
119158	0	0	0	0	0	0	0
84036	0	0	0	0	0	0	0
132326	0	0	0	0	0	0	0
0	0	0	0	102250	0	0	0
0	0	0	0	225274	0	0	0
5190828	0	0	0	0	0	0	0
87800	0	0	0	0	0	0	0
80274	0	0	0	0	0	0	0
0	0	0	0	1519458	0	0	0
0	0	0	0	179822	0	0	0
0	0	0	0	179198	0	0	0
0	0	0	0	0	0	0	21786470
0	0	0	0	171002	0	0	0
0	0	0	114530	0	0	0	0
128552	0	0	0	0	0	0	0
0	0	0	0	155510	0	0	0
0	0	0	0	101098	0	0	0
0	0	0	0	0	0	0	16264814
0	0	0	0	97122	0	0	0
0	0	0	0	113662	0	0	0
0	0	0	0	150382	0	0	0
0	0	0	0	97258	0	0	0
0	0	0	0	0	0	0	21421994
0	0	0	0	3362406	0	0	0
85702	0	0	0	0	0	0	0
0	0	0	0	84606	0	0	0
143674	0	0	0	0	0	0	0
0	0	0	0	101114	0	0	0
0	0	0	0	88694	0	0	0
113428	0	0	0	0	0	0	0
107758	0	0	0	0	0	0	0
140838	0	0	0	0	0	0	0
114140	0	0	0	0	0	0	0
0	0	0	0	121838	0	0	0
0	0	0	150194	0	0	0	0
0	0	0	0	184190	0	0	0
0	0	0	0	167546	0	0	0
0	0	0	0	0	0	0	146354
0	0	0	1937146	0	0	0	1964862
0	0	0	0	0	0	0	1416746
192828	0	0	0	0	0	0	0
0	0	0	0	174974	0	0	0
0	0	0	110590	0	0	0	0
455304	0	0	0	0	0	0	0
0	0	0	0	113662	0	0	0
86962	0	0	0	0	0	0	0
0	0	0	0	0	0	0	1175270
221184	0	0	0	0	0	0	0
0	24251054	0	0	0	0	0	0
0	0	0	101154	0	0	0	0
5953692	0	0	0	0	0	0	0
77824	0	0	0	0	0	0	0
105866	0	0	0	0	0	0	0
0	0	0	0	0	0	0	1784754
0	0	0	0	0	0	0	2608878
0	0	0	0	155510	0	0	0
0	0	0	200442	0	0	0	0
0	0	0	109350	0	0	0	0
123512	0	0	0	0	0	0	0
90112	0	0	0	0	0	0	0
0	0	0	0	125554	0	0	0
0	0	0	0	133730	0	0	0
119730	0	0	0	0	0	0	0
124772	0	0	0	0	0	0	0
0	0	0	0	4213750	0	0	0
0	0	0	0	106346	0	0	0
68370	0	0	0	0	0	0	0
0	0	0	0	568042	0	0	0
552014	588670	0	559778	0	0	0	0
0	0	0	0	174718	0	0	0
0	0	0	0	135026	0	0	0
0	0	0	0	5206010	0	0	0
124772	0	0	0	0	0	0	0
21112358	0	0	0	0	0	0	0
169512	0	0	0	0	0	0	0
0	0	0	0	0	0	0	3341110
214254	0	0	0	0	0	0	0
0	0	0	0	0	0	0	10722102
117840	0	0	0	0	0	0	0
0	0	0	0	125554	0	0	0
121620	0	0	0	0	0	0	0
0	0	0	0	260962	0	0	0
109018	0	0	0	0	0	0	0
84126	0	0	0	0	0	0	0
129812	0	0	0	0	0	0	0
0	0	0	151342	0	0	0	0
0	0	0	0	109294	0	0	0
0	0	0	0	94202	0	0	0
0	0	0	114490	0	0	0	0
0	0	0	93810	0	0	0	0
0	0	0	0	0	0	0	16542714
113426	0	0	0	0	0	0	0
0	0	0	0	76390	0	0	0
127922	0	0	0	0	0	0	0
0	0	0	0	1293162	0	0	0
0	0	0	0	0	0	0	3149542
0	0	0	0	221046	0	0	0
0	0	0	0	106234	0	0	0
64276	0	0	0	0	0	0	0
0	0	0	0	92902	0	0	0
0	0	0	0	0	0	0	13684402
109018	0	0	0	0	0	0	0
0	0	0	0	0	0	0	5724862
0	0	0	0	122606	0	0	0
0	0	0	0	0	0	0	23923234
0	0	0	0	76662	0	0	0
0	0	0	133666	0	0	0	0
0	0	0	85610	0	0	0	0
114688	0	0	0	0	0	0	0
0	0	0	0	0	0	0	1036014
97674	0	0	0	0	0	0	0
0	0	0	0	97018	0	0	0
155962	0	0	0	0	0	0	0
0	0	0	0	92786	0	0	0
0	0	0	0	93802	0	0	69581746
98304	0	0	0	0	0	0	0
24548274	0	0	0	0	0	0	0
0	0	0	0	84982	0	0	0
0	0	0	0	85750	0	0	0
0	0	0	0	81766	0	0	0
132016	0	0	0	0	0	0	0
0	0	0	0	106106	0	0	0
83812	0	0	0	0	0	0	0
196294	0	0	0	0	0	0	0
81920	0	0	0	0	0	0	0
0	0	0	0	5802594	0	0	0
0	0	0	76330	0	0	0	0
0	0	0	0	92786	0	0	0
0	0	0	0	129890	0	0	0
111854	0	0	0	0	0	0	0
115950	0	0	0	0	0	0	0
0	0	0	0	233082	0	0	0
201020	0	0	0	0	0	0	0
0	0	0	106170	0	0	0	0
19967686	0	0	0	0	0	0	0
0	0	0	277042	0	0	0	0
103346	0	0	0	0	0	0	0
0	0	0	7802790	0	0	0	0
101043280	0	0	0	113518	0	0	0
85702	0	0	0	0	0	0	0
93264	0	0	0	0	0	0	0
85702	0	0	0	0	0	0	0
0	0	0	0	187110	0	0	0
124142	0	0	0	0	0	0	0
224336	0	0	0	0	0	0	0
104292	0	0	0	0	0	0	0
0	0	0	0	0	0	0	3104682
0	0	0	0	77430	0	0	0
0	0	0	0	125690	0	0	0
0	0	0	0	236138	0	0	0
4665028	0	0	0	0	0	0	0
0	0	0	0	97914	0	0	0
202278	0	0	0	0	0	0	0
0	0	0	0	121462	0	0	0
0	0	0	0	212834	0	0	0
0	0	0	0	212722	0	0	0
76250	0	0	0	0	0	0	0
0	0	0	0	355942	0	0	0
0	0	0	1797102	0	0	0	0
0	1178494	0	0	0	0	0	0
0	0	0	0	130034	0	0	0
0	0	0	0	0	0	0	1359786
0	0	0	0	0	0	0	3705534
0	0	0	0	139250	0	0	0
98304	0	0	0	0	0	0	0
241760	0	0	0	0	0	0	0
189710	0	0	0	0	0	0	0
0	0	0	0	98154	0	0	0
157538	0	0	0	0	0	0	0
0	0	0	98214	0	0	0	0
554534	0	0	0	0	0	0	0
100826	0	0	0	0	0	0	0
321410	0	0	0	0	0	0	0
0	0	0	0	97010	0	0	0
108388	0	0	0	0	0	0	0
0	0	0	92714	0	0	0	0
121620	0	0	0	0	0	0	0
0	0	0	0	96874	0	0	0
0	0	0	0	94066	0	0	0
90936	0	0	0	0	0	0	0
0	0	0	0	158454	0	0	0
211730	0	0	0	0	0	0	0
0	0	0	105402	0	0	0	0
0	0	0	187050	0	0	0	0
0	0	0	0	0	0	0	13561458
0	0	0	0	0	0	0	1978086
0	12119022	0	0	0	0	0	0
89054	0	0	0	0	0	0	0
80030	0	0	0	0	0	0	0
0	0	0	110138	0	0	0	0
126684	0	0	0	0	0	0	0
0	0	0	0	97266	0	0	0
1491334	0	0	0	0	0	0	0
201624	0	0	0	0	0	0	0
100344	0	0	0	0	0	0	0
0	0	0	0	0	0	0	248442
0	0	0	0	24506082	0	0	0
14197482	0	0	0	0	0	0	0
0	0	0	0	77670	0	0	0
0	0	0	73270	0	0	0	0
109750	0	0	0	0	0	0	0
0	0	0	0	192482	0	0	0
0	0	0	0	0	0	0	1350578
0	0	0	0	2636658	0	0	0
0	0	0	0	80614	0	0	0
118902	0	0	0	0	0	0	0
0	0	0	0	97890	0	0	0
0	0	0	0	81766	0	0	0
4927172	0	0	0	0	0	0	0
0	0	0	0	0	0	0	4209342
109648	0	0	0	0	0	0	0
0	0	0	0	0	0	0	2989934
0	0	0	0	0	0	0	432946
0	0	0	0	256758	0	0	0
0	0	0	0	126834	0	0	0
152916	0	0	0	0	0	0	0
0	0	0	0	0	0	0	1354546
131072	0	0	0	0	0	0	0
89054	0	0	0	0	0	0	0
92998	0	0	0	0	0	0	0
0	0	0	0	110462	0	0	0
123196	0	0	0	0	0	0	0
0	0	0	109498	0	0	0	0
0	0	0	97958	0	0	0	0
0	0	0	0	85750	0	0	0
106302	0	0	0	0	0	0	0
0	0	0	80438	0	0	0	0
0	0	0	84966	0	0	0	0
0	0	0	0	0	0	0	23267958
0	0	0	0	163686	0	0	0
105236	0	0	0	0	0	0	0
0	0	0	0	0	0	0	2424558
0	0	0	0	135018	0	0	0
0	0	0	126698	0	0	0	0
0	0	0	0	122878	0	0	0
0	0	0	0	76386	0	0	0
0	0	0	0	147186	0	0	0
0	0	0	0	113382	0	0	125657022
0	0	0	0	511982	0	0	0
0	0	0	0	88694	0	0	0
0	0	0	0	0	0	0	17448486
0	0	0	0	0	0	0	1019622
0	0	0	0	109438	0	0	0
0	0	0	0	92898	0	0	0
92634	0	0	0	0	0	0	0
0	0	0	0	0	0	0	2689726
143556	0	0	0	0	0	0	0
0	0	0	158246	0	0	0	0
0	0	0	84658	0	0	0	0
0	0	0	219762	0	0	0	0
0	0	0	0	109294	0	0	0
131072	0	0	0	0	0	0	0
0	0	0	462510	0	0	0	0
0	0	0	0	73714	0	0	0
0	0	0	90106	0	0	0	0
0	0	0	0	106090	0	0	0
0	0	0	0	1056754	0	0	0
0	0	0	0	158566	0	0	0
0	0	0	125922	0	0	0	0
0	0	0	0	0	0	0	4700986
0	0	0	106046	0	0	0	0
0	0	0	199210	0	0	0	0
0	0	0	0	93158	0	0	0
0	0	0	0	77558	0	0	0
0	0	0	0	76390	0	0	0
0	0	0	0	510590	0	0	0
0	0	0	0	0	0	0	1080166
0	0	0	6754086	0	0	0	0
1689444	0	0	0	0	0	0	0
0	0	0	0	24182370	0	0	0
154904	0	0	0	1253362	0	0	0
0	0	0	0	0	0	0	3546106
0	0	0	0	101114	0	0	0
97674	0	0	0	0	0	0	0
0	0	0	0	0	0	0	519794
0	0	0	113594	0	0	0	0
0	0	0	0	0	0	0	790246
0	0	0	3091234	0	0	0	0
0	0	0	0	0	0	0	3038002
0	0	0	0	0	0	0	4509494
0	0	0	0	81654	0	0	0
125086	0	0	0	0	0	0	0
0	0	0	0	98170	0	0	0
0	0	0	0	129890	0	0	0
0	0	0	0	98154	0	0	0
114058	0	0	0	0	0	0	0
0	0	0	146362	0	0	0	0
0	0	0	97142	0	0	0	0
0	0	0	0	106346	0	0	0
95152	0	0	0	0	0	0	0
60593074	0	0	0	98154	0	0	0
0	0	0	215786	0	0	0	0
81920	0	0	0	0	0	0	0
0	0	0	0	130794	0	0	0
79716	0	0	0	0	0	0	0
0	0	0	0	162794	0	0	0
0	0	0	0	81766	0	0	0
0	0	0	133794	0	0	0	0
0	0	0	0	0	0	0	10702574
0	0	0	0	0	0	0	875058
86332	0	0	0	0	0	0	0
0	0	0	0	76774	0	0	0
189992	0	0	0	0	0	0	0
0	0	0	0	0	0	0	19611562
0	0	0	0	0	0	0	11447102
9367238	0	0	0	0	0	0	0
0	0	0	0	147298	0	0	0
0	0	0	0	98170	0	0	0
0	0	0	0	0	0	0	16506806
0	0	0	105274	0	0	0	0
80030	0	0	0	0	0	0	0
126662	0	0	0	0	0	0	0
258994	0	0	0	0	0	0	0
0	0	1794018	1785570	0	0	0	0
0	0	0	0	113382	0	0	0
135482	0	0	0	0	0	0	0
0	0	0	0	0	0	0	360050
105866	0	0	0	0	0	0	0
0	0	0	0	0	0	0	936566
94698	0	0	0	0	0	0	0
0	0	0	0	2484990	0	0	0
0	0	0	3215022	0	0	0	0
222200	0	0	0	0	0	0	0
0	0	0	102314	0	0	0	0
0	0	0	0	0	0	0	5861222
142414	0	0	0	0	0	0	0
147140	0	0	0	0	0	0	0
0	0	0	72638	0	0	0	0
0	0	0	0	117374	0	0	0
0	0	0	0	102010	0	0	0
0	0	0	97010	0	0	0	0
0	0	0	0	0	0	0	4229754
0	0	0	0	0	0	0	2092654
0	0	0	0	0	0	0	2072490
0	0	0	77558	0	0	0	0
0	0	0	0	101354	0	0	0
0	0	0	0	76770	0	0	0
148630	0	0	0	0	0	0	0
0	0	0	88822	0	0	0	0
0	0	0	90026	0	0	0	0
0	0	0	0	2080366	0	0	0
0	0	0	0	113662	0	0	0
3063258	0	0	0	0	0	0	0
0	0	0	146362	0	0	0	0
0	0	0	0	0	0	0	7155438
128552	0	0	0	0	0	0	0
0	0	0	0	211826	0	0	0
0	0	0	163510	0	0	0	0
0	0	0	0	76390	0	0	122075838
0	0	0	0	88806	0	0	0
0	0	0	0	117374	0	0	0
0	0	0	0	2236402	0	0	0
0	0	0	0	93938	0	0	0
0	0	0	0	81894	0	0	0
0	0	0	0	0	0	0	18660158
0	0	0	0	134114	0	0	0
0	0	0	0	0	0	0	3505074
75620	0	0	0	0	0	0	0
0	0	0	0	0	0	0	11217842
128552	0	0	0	0	0	0	0
0	0	0	97190	0	0	0	0
0	0	0	0	0	0	0	110438
105866	0	0	0	0	0	0	0
0	0	0	0	122494	0	0	0
74360	0	0	0	0	0	0	0
0	0	0	0	2920058	0	0	0
0	0	0	0	73322	0	0	0
0	0	0	0	0	0	0	2981490
85072	0	0	0	0	0	0	0
0	0	0	0	0	0	0	1018686
0	0	0	0	159470	0	0	0
994066	0	0	0	0	0	0	0
0	0	0	0	98170	0	0	0
0	0	0	0	122854	0	0	0
0	0	0	0	84838	0	0	0
191568	0	0	0	0	0	0	0
0	0	0	256806	0	0	0	0
0	0	0	0	228090	0	0	0
0	0	0	118766	0	0	0	0
0	0	0	0	102394	0	0	0
0	0	0	0	0	0	0	2009718
0	0	0	0	97910	0	0	0
0	0	0	0	102250	0	0	0
0	0	0	0	184046	0	0	0
0	0	0	883574	0	0	0	0
133592	0	0	0	0	0	0	0
79400	0	0	0	0	0	0	0
0	0	0	0	0	0	0	3309098
148718	0	0	0	0	0	0	0
96414	0	0	0	0	0	0	0
0	0	0	0	0	0	0	510586
90428	0	0	0	0	0	0	0
0	0	0	105394	0	0	0	0
0	0	0	0	232426	0	0	0
0	0	0	0	147186	0	0	0
196608	0	0	0	0	0	0	0
0	0	0	73722	0	0	0	0
131072	0	0	0	0	0	0	0
158800	0	0	0	0	0	0	0
124772	0	0	0	0	0	0	0
0	0	0	0	0	0	0	2460278
0	0	97210	0	0	0	0	0
122111668	0	0	0	133866	0	0	0
0	0	0	0	106090	0	0	0
0	0	0	93862	0	0	0	0
89054	0	0	0	0	0	0	0
0	0	0	0	102002	0	0	0
0	0	0	110518	0	0	0	0
0	0	0	0	268898	0	0	0
0	0	0	0	129890	0	0	0
0	0	0	0	0	0	0	7957026
0	0	2005682	0	0	0	0	0
0	0	0	0	94178	0	0	0
121710	0	0	0	0	0	0	0
0	0	0	0	0	0	0	5488170
0	0	0	0	141926	0	0	0
77510	0	0	0	0	0	0	0
0	0	0	110138	0	0	0	0
0	0	0	0	146150	0	0	0
0	0	0	0	89974	0	0	0
0	0	0	0	88942	0	0	0
209716	0	0	0	0	0	0	0
0	0	0	0	0	0	0	478202
0	0	0	0	0	0	0	1600034
0	0	0	146418	0	0	0	0
9863482	0	0	0	0	0	0	0
0	0	0	0	0	0	0	4398002
185264	0	0	0	0	0	0	0
92002	0	0	0	0	0	0	0
113514	0	0	0	0	0	0	0
0	0	0	0	84982	0	0	0
0	0	0	0	93034	0	0	0
0	0	0	0	0	0	0	4782910
0	0	0	0	117750	0	0	0
0	0	0	0	93178	0	0	0
156278	0	0	0	0	0	0	0
0	0	0	0	167546	0	0	0
266826	0	0	0	0	0	0	0
0	0	0	139258	0	0	0	0
174660	0	0	0	0	0	0	0
0	0	0	0	77554	0	0	0
541536	0	0	0	0	0	0	0
0	0	0	0	88694	0	0	0
135482	0	0	0	0	0	0	0
0	0	0	0	4586482	0	0	0
0	0	0	0	0	0	0	724590
82784	0	0	0	0	0	0	0
0	0	0	0	237410	0	0	0
0	0	0	0	0	0	0	1837602
0	0	0	85810	0	0	0	0
99716	0	0	0	0	0	0	0
0	0	0	0	106234	0	0	0
0	0	0	0	94202	0	0	0
0	0	0	76406	0	0	0	0
98936	0	0	0	0	0	0	0
117276	0	0	0	0	0	0	0
0	0	0	0	97018	0	0	0
105482	0	0	0	0	0	0	0
0	2575214	0	0	0	0	0	0
110278	0	0	0	0	0	0	0
0	0	0	0	0	0	0	479146
141734	0	0	0	0	0	0	0
0	0	0	142262	0	0	0	0
0	0	0	0	142194	0	0	0
0	0	25427882	0	0	0	0	0
0	0	0	0	126834	0	0	0
0	0	0	0	0	0	0	3513150
0	0	0	0	93034	0	0	0
0	0	0	7908022	0	0	0	0
0	0	0	84846	0	0	0	0
0	0	0	0	162790	0	0	0
0	0	0	0	0	0	0	24874734
0	0	0	0	5537510	0	0	0
0	0	0	0	88694	0	0	0
120360	0	0	0	0	0	0	0
99716	0	0	0	0	0	0	0
0	0	0	0	0	0	0	412474
0	0	0	113206	0	0	0	0
0	0	0	0	92922	0	0	0
0	0	0	0	0	0	0	6580854
0	0	0	393086	0	0	0	0
0	0	3750826	0	146146	0	0	3784230
90428	0	0	0	0	0	0	0
0	0	0	0	0	0	0	5418734
281048	0	0	0	0	0	0	0
253952	0	0	0	0	0	0	0
0	0	0	0	0	0	0	854962
141156	0	0	0	0	0	0	0
0	0	0	0	0	0	0	802534
0	0	0	0	175994	0	0	0
0	0	0	94118	0	0	0	0
0	0	0	0	0	0	0	482106
0	5496686	0	0	0	0	0	0
0	0	0	106170	0	0	0	0
0	0	0	73402	0	0	0	0
0	0	0	0	126690	0	0	0
0	0	0	0	106106	0	0	0
107128	0	0	0	0	0	0	0
0	0	0	1847206	0	0	0	0
100196	0	0	0	0	0	0	0
0	0	0	0	84838	0	0	0
74360	0	0	0	0	0	0	0
0	0	0	0	102394	0	0	0
0	0	0	89634	0	0	0	0
0	0	0	0	7016306	0	0	0
120990	0	0	0	0	0	0	0
73728	0	0	0	0	0	0	0
98462	0	0	0	0	0	0	0
0	0	0	0	0	0	0	5414438
90112	0	0	0	0	0	0	0
0	0	0	0	0	0	0	7319534
135482	0	0	0	0	0	0	0
138002	0	0	0	0	0	0	0
118470	0	0	0	0	0	0	0
0	0	0	5864178	0	0	0	0
0	0	0	0	0	0	0	814078
4983256	0	0	0	0	0	0	0
0	0	0	0	125554	0	0	0
0	0	0	0	114286	0	0	0
0	0	0	0	199282	0	0	0
0	0	0	0	81766	0	0	0
0	0	0	117614	0	0	0	0
89482	0	0	0	0	0	0	0
0	0	0	2076462	0	0	0	0
0	0	0	0	0	0	0	9752178
127922	0	0	0	0	0	0	0
106496	0	0	0	0	0	0	0
0	0	0	0	93034	0	0	0
0	0	0	0	96874	0	0	0
85702	0	0	0	0	0	0	0
92190	0	0	0	0	0	0	0
183374	0	0	0	0	0	0	0
84664	0	0	0	0	0	0	0
82552	0	0	0	0	0	0	0
272226	0	0	0	0	0	0	0
0	0	0	0	97122	0	0	0
23233774	0	0	0	0	0	0	0
96894	0	0	0	0	0	0	0
0	0	0	0	85606	0	0	0
0	0	0	0	102010	0	0	0
0	0	0	69426	0	0	0	0
10369112	0	0	0	0	0	0	0
0	0	0	89854	0	0	0	0
0	0	0	69414	0	0	0	0
0	0	249594	248806	0	0	0	0
0	0	0	0	97258	0	0	0
2500354	0	0	0	0	0	0	0
0	0	0	0	0	0	0	826918
0	0	0	0	89830	0	0	0
1916848	0	0	0	0	0	0	0
104234	0	0	0	0	0	0	0
0	0	0	0	118654	0	0	0
0	0	0	2494374	117614	0	0	0
0	0	0	0	97014	0	0	0
99564	0	0	0	0	0	0	0
177388	0	0	0	0	0	0	0
93578	0	0	0	0	0	0	0
5498440	0	0	0	0	0	0	0
0	0	0	93154	0	0	0	0
0	0	0	0	81654	0	0	0
0	0	0	0	0	0	0	8379314
0	0	0	0	6270822	0	0	0
0	0	0	0	135026	0	0	0
0	0	0	84646	0	0	0	0
18918682	0	0	0	0	0	0	0
0	0	0	106430	0	0	0	0
0	0	0	0	105066	0	0	0
166990	0	0	0	0	0	0	0
130446	0	0	0	0	0	0	0
3125660	0	0	0	0	0	0	0
0	0	0	0	195314	0	0	0
0	0	0	0	176110	0	0	0
0	0	0	2719334	0	0	0	0
0	0	0	0	122854	0	0	0
0	0	0	0	0	0	0	4643638
174660	0	0	0	0	0	0	0
112258	0	0	0	0	0	0	0
0	0	0	8575530	0	0	0	0
0	0	0	0	80614	0	0	0
0	0	0	10288054	0	0	0	0
0	0	0	0	139114	0	0	0
0	0	85734	0	0	0	0	0
0	0	0	141942	0	0	0	0
73728	0	0	0	0	0	0	0
0	0	0	0	3858430	0	0	0
80346	0	0	0	0	0	0	0
118470	0	0	0	0	0	0	0
0	0	0	0	126946	0	0	0
78706	0	0	0	0	0	0	0
0	0	0	0	121838	0	0	0
0	13282094	0	0	0	0	0	0
0	0	0	0	192482	0	0	0
0	0	0	0	204786	0	0	0
0	0	0	102122	0	0	0	0
0	0	0	0	117614	0	0	0
1099374	0	0	0	0	0	0	0
0	0	0	0	179198	0	0	0
0	0	0	22449958	0	0	0	0
102538	0	0	0	0	0	0	0
153020	0	0	0	0	0	0	0
0	0	0	0	97914	0	0	0
74900	0	0	0	0	0	0	0
100654	0	0	0	0	0	0	0
0	0	0	207458	0	0	0	0
0	0	0	0	0	0	0	16415666
7590204	0	0	0	0	0	0	0
0	0	0	0	3911662	0	0	0
0	0	0	0	129890	0	0	0
0	0	0	0	97266	0	0	0
0	0	89838	0	0	0	0	0
100970	0	0	0	0	0	0	0
0	0	383998	0	0	0	0	0
180538	0	0	0	0	0	0	0
0	0	0	0	118654	0	0	0
0	0	0	0	0	0	0	20093630
0	0	0	0	146426	0	0	0
0	0	0	0	0	0	0	21946282
87800	0	0	0	0	0	0	0
93624	0	0	0	0	0	0	62377702
0	0	0	106018	0	0	0	0
0	0	0	0	0	0	0	875198
147456	0	0	0	0	0	0	0
0	0	0	0	106090	0	0	0
463140	0	0	0	0	0	0	0
0	0	0	106042	0	0	0	0
1613192	0	0	0	0	0	0	0
166338	0	0	0	0	0	0	0
98930	0	0	0	0	0	0	0
0	0	0	0	122854	0	0	0
0	0	0	88878	0	0	0	0
0	0	0	0	147298	0	0	0
0	0	0	0	0	0	0	19225122
206330	0	0	0	0	0	0	0
0	0	0	0	0	0	0	388966
136112	0	0	0	0	0	0	0
0	0	0	0	94066	0	0	0
0	0	0	73662	0	0	0	0
0	0	0	0	155622	0	0	0
0	0	0	80434	0	0	0	0
0	0	0	73402	0	0	0	0
128552	0	0	0	0	0	0	0
0	0	0	0	92898	0	0	0
0	0	0	0	76658	0	0	0
90112	0	0	0	0	0	0	0
0	0	6127270	0	0	0	0	0
131698	0	0	0	0	0	0	0
0	0	0	106018	0	0	0	0
175914	0	0	0	0	0	0	0
0	0	0	0	117750	0	0	0
163056	0	0	0	0	0	0	0
122920	0	0	0	0	0	0	0
129818	0	0	0	0	0	0	0
0	0	0	114530	0	0	0	0
87590	0	0	0	0	0	0	0
0	0	0	0	141922	0	0	0
0	0	0	0	121838	0	0	0
82784	0	0	0	0	0	0	0
0	0	0	0	0	0	0	180138
0	0	0	0	146034	0	0	0
0	0	162542	0	0	0	0	0
0	0	0	0	0	0	0	8822310
0	0	0	118382	0	0	0	0
116648	0	0	0	0	0	0	0
0	0	0	4426622	0	0	0	0
0	0	0	0	0	0	0	899894
0	0	0	360162	0	0	0	0
174140	0	0	0	0	0	0	0
0	0	0	0	0	0	0	282342
0	0	0	0	113526	0	0	0
66798	0	0	0	0	0	0	0
258400	0	0	0	0	0	0	0
95954	0	0	0	0	0	0	0
0	0	0	0	76414	0	0	0
78020	0	0	0	0	0	0	0
0	0	0	0	81518	0	0	0
0	0	0	0	436862	0	0	0
0	0	0	0	0	0	0	15358654
0	0	0	0	0	0	0	4575074
0	0	0	0	0	0	0	2895598
0	0	0	0	264802	0	0	0
0	0	0	0	80614	0	0	0
105988	0	0	0	0	0	0	0
139850	0	0	0	0	0	0	0
0	0	0	0	0	0	0	2998186
22796132	0	0	0	0	0	0	0
0	0	0	0	0	0	0	25774626
0	0	0	7249698	7249906	0	0	0
0	0	0	0	105466	0	0	0
0	0	0	0	97258	0	0	0
79648	0	0	0	0	0	0	0
144240	0	0	0	0	0	0	0
3710468	0	0	0	0	0	0	0
116648	0	0	0	0	0	0	0
0	0	0	0	109542	0	0	0
0	0	0	110122	0	0	0	0
109124	0	0	0	0	0	0	0
0	0	0	0	224246	0	0	0
213070	0	0	0	0	0	0	0
0	0	0	290406	0	0	0	0
0	0	0	0	113662	0	0	0
90428	0	0	0	0	0	0	0
0	0	0	0	101354	0	0	0
0	0	0	1678902	0	0	0	0
0	0	0	0	14450302	0	0	0
0	0	0	81718	0	0	0	0
0	0	0	0	80614	0	0	0
161344	0	0	0	0	0	0	0
0	0	0	0	223994	0	0	0
245210	0	0	0	0	0	0	0
77194	0	0	0	0	0	0	0
254932	0	0	0	0	0	0	0
135460	0	0	0	0	0	0	0
0	0	0	0	89726	0	0	0
122880	0	0	0	0	0	0	0
403250	0	0	0	0	0	0	0
0	0	0	0	192242	0	0	0
0	0	0	0	118518	0	0	0
0	0	0	0	154342	0	0	0
0	0	0	0	73570	0	0	0
0	0	0	0	138098	0	0	0
0	0	0	0	101114	0	0	0
0	0	0	76330	0	0	0	0
0	0	0	0	159458	0	0	0
0	0	0	0	122494	0	0	0
93892	0	0	0	0	0	0	0
0	0	0	93154	0	0	0	0
0	0	0	0	10694386	0	0	0
0	0	0	0	0	0	0	1657850
0	0	0	0	163446	0	0	0
0	0	0	0	0	0	0	846842
97992	0	0	0	0	0	0	0
0	0	0	0	188278	0	0	0
82156	0	0	0	0	0	0	0
0	0	0	155298	0	0	0	0
0	0	0	0	179818	0	0	0
0	0	0	0	22744946	0	0	0
115708	0	0	0	0	0	0	0
265278	0	0	0	0	0	0	0
0	0	0	0	141922	0	0	0
0	0	1429222	0	0	0	0	0
0	0	0	1220402	0	0	0	0
0	0	0	69410	0	0	0	0
0	0	0	0	0	0	0	260918
0	0	0	0	0	0	0	1158766
0	0	0	0	93802	0	0	0
95154	0	0	0	0	0	0	0
0	0	0	0	167786	0	0	0
0	0	0	0	0	0	0	25414178
0	0	0	0	97258	0	0	0
167620	0	0	0	0	0	0	0
0	0	0	0	163702	0	0	0
0	0	0	0	76390	0	0	0
0	0	0	17235838	0	0	0	0
265294	0	0	0	0	0	0	0
107242	0	0	0	0	0	0	0
103976	0	0	0	0	0	0	0
0	0	0	0	81654	0	0	0
0	0	0	15043454	0	0	0	0
0	0	0	0	113662	0	0	0
75620	0	0	0	0	0	0	0
0	0	0	0	0	0	0	917418
0	0	0	0	0	0	0	24902178
69614	0	0	0	0	0	0	0
133592	0	0	0	0	0	0	0
162902	0	0	0	0	0	0	0
0	0	0	0	1036158	0	0	0
74672	0	0	0	0	0	0	0
0	0	0	0	0	0	0	826046
0	0	0	101218	0	0	0	0
0	0	0	0	117614	0	0	0
0	0	0	0	118766	0	0	0
132332	0	0	0	0	0	0	0
110688	0	0	0	0	0	0	0
0	0	0	0	101242	0	0	0
197548	0	0	0	0	0	0	0
0	0	0	0	163446	0	0	0
0	0	0	0	90086	0	0	0
0	0	0	0	102250	0	0	0
107242	0	0	0	0	0	0	0
0	0	0	0	851554	0	0	0
0	0	0	0	80890	0	0	0
0	0	0	1260470	0	0	0	0
0	0	0	0	3025890	0	0	0
162428	0	0	0	0	0	0	0
0	0	0	0	183286	0	0	0
0	0	0	0	0	0	0	4840254
132952	0	0	0	0	0	0	0
0	0	0	0	88694	0	0	0
80274	0	0	0	0	0	0	0
0	0	0	69374	0	0	0	0
0	0	0	76582	0	0	0	0
101284	0	0	0	0	0	0	0
0	0	0	0	142306	0	0	0
0	0	0	0	89838	0	0	0
128250	0	0	0	0	0	0	18713122
0	0	0	0	166650	0	0	0
483524	0	0	0	0	0	0	0
0	0	0	0	102250	0	0	0
0	0	0	158382	0	0	0	0
0	0	0	134950	0	0	0	0
0	0	0	0	2358114	0	0	0
100344	0	0	0	0	0	0	0
0	0	0	0	0	0	0	109562
106106	0	0	0	0	0	0	0
0	0	0	0	0	0	0	2903782
389784	0	0	0	0	0	0	0
149348	0	0	0	0	0	0	0
107242	0	0	0	0	0	0	0
158846	0	0	0	0	0	0	0
0	0	0	0	0	0	0	24161274
0	0	0	106430	0	0	0	0
3334776	0	0	0	0	0	0	0
0	0	72438	0	0	0	0	0
0	0	0	0	0	0	0	20323878
0	0	0	118450	0	0	0	0
0	0	0	0	89830	0	0	0
88222	0	0	0	0	0	0	0
0	0	0	94186	0	0	0	0
0	0	0	0	151422	0	0	0
138948	0	0	0	0	0	0	0
0	0	0	0	125554	0	0	0
0	0	0	0	121598	0	0	0
65536	0	0	0	0	0	0	0
0	0	0	527346	0	0	0	0
0	0	0	0	0	0	0	986106
0	0	0	252646	0	0	0	0
0	0	0	0	0	0	0	1407922
114768	0	0	0	0	0	0	0
105988	0	0	0	0	0	0	0
0	0	0	0	211574	0	0	0
0	0	0	146290	0	0	0	0
99088	0	0	0	0	0	0	0
0	0	0	0	0	0	0	1011438
126684	0	0	0	0	0	0	0
0	0	0	0	77430	0	0	0
0	0	0	0	2251494	0	0	0
92376	0	0	0	0	0	0	0
0	0	0	0	0	0	0	10137130
0	0	0	1526754	0	0	0	0
0	0	0	0	113662	0	0	0
0	0	0	0	97018	0	0	0
0	0	0	221034	0	0	0	0
0	0	0	0	0	0	0	5266982
0	0	0	0	0	0	0	936754
133592	0	0	0	0	0	0	0
151456	0	0	0	0	0	0	708210
0	0	85734	0	0	0	0	0
0	0	0	0	89838	0	0	0
0	0	1620914	0	0	0	0	0
110278	0	0	0	0	0	0	0
0	0	0	0	301674	0	0	0
75258	0	0	0	0	0	0	0
0	0	0	0	81654	0	0	0
0	0	0	68398	0	0	0	0
185320	0	0	0	0	0	0	81952298
0	0	0	7756414	0	0	0	0
0	0	0	0	80498	0	0	0
0	0	0	0	0	0	0	6672110
0	0	0	0	0	0	0	846454
0	0	0	0	0	0	0	887418
115634	0	0	0	0	0	0	0
95154	0	0	0	0	0	0	0
41995658	0	0	0	0	0	0	2174702
114688	0	0	0	0	0	0	0
117840	0	0	0	0	0	0	0
0	0	0	0	24075006	0	0	0
0	0	0	0	147426	0	0	0
0	0	0	0	208762	0	0	0
0	0	0	0	166778	0	0	0
0	0	0	118578	207846	0	0	0
0	0	0	77734	0	0	0	0
111538	0	0	0	0	0	0	58142438
0	0	0	0	93802	0	0	0
89482	0	0	0	0	0	0	0
158482	0	0	0	0	0	0	0
0	0	0	0	106090	0	0	0
0	0	0	0	89974	0	0	0
131072	0	0	0	0	0	0	0
0	0	0	0	106338	0	0	0
0	0	0	134142	0	0	0	0
0	0	0	0	990178	0	0	0
0	0	548778	0	0	0	0	0
0	0	0	0	134114	0	0	0
85700	0	0	0	0	0	0	0
0	0	0	0	88830	0	0	0
0	0	0	0	129890	0	0	0
0	0	0	89974	0	0	0	0
111854	0	0	0	0	0	0	0
0	0	0	0	113662	0	0	0
0	0	0	0	118510	0	0	0
0	0	0	0	0	0	0	9993010
0	0	0	93798	0	0	0	0
89482	0	0	0	0	0	0	0
0	0	0	0	4779002	0	0	0
0	0	0	0	89974	0	0	0
0	0	0	0	0	0	0	618342
0	0	0	102206	0	0	0	0
0	0	0	0	0	0	0	1249194
0	0	0	0	97018	0	0	0
84756	0	0	0	0	0	0	0
0	0	0	106238	0	0	0	0
124142	0	0	0	0	0	0	0
0	0	0	110198	0	0	0	0
0	0	0	0	88806	0	0	0
97044	0	0	0	0	0	0	0
0	0	0	84642	0	0	0	0
0	0	0	0	159470	0	0	0
90428	0	0	0	0	0	0	0
0	0	0	0	186998	0	0	0
81606	0	0	0	0	0	0	0
0	0	0	0	88694	0	0	0
0	0	0	141986	0	0	0	0
110908	0	0	0	0	0	0	0
100826	0	0	0	0	0	0	0
80974	0	0	0	0	0	0	0
0	0	0	0	93802	0	0	0
4567452	0	0	0	0	0	0	0
0	0	0	0	142306	0	0	0
0	0	0	0	158454	0	0	0
11129148	0	0	0	0	0	0	0
86962	0	0	0	0	0	0	0
124142	0	0	0	0	0	0	0
0	158702	0	0	0	0	0	0
0	0	0	0	0	0	0	3870446
163526	0	0	0	0	0	0	0
0	0	0	0	97018	0	0	0
203538	0	0	0	0	0	0	0
0	0	0	129658	0	0	0	0
0	0	0	0	121838	0	0	0
0	0	0	0	97018	0	0	0
181484	0	0	0	0	0	0	0
0	0	387746	0	0	0	0	0
109018	0	0	0	0	0	0	0
172032	0	0	0	0	0	0	0
0	0	0	195234	0	0	0	0
0	3226558	0	0	0	0	0	0
0	0	0	0	122494	0	0	0
119784	0	0	0	0	0	0	0
0	0	0	102334	0	0	0	0
152812	0	0	0	0	0	0	0
0	0	0	125482	0	0	0	0
110278	0	0	0	0	0	0	112352178
7265674	0	0	0	0	0	0	0
127292	0	0	0	0	0	0	0
316338	0	0	0	0	0	0	0
0	0	0	0	77430	0	0	0
0	0	0	0	0	0	0	187946
0	0	0	0	13627386	0	0	0
93894	0	0	0	0	0	0	0
0	0	372454	112118506	0	0	0	0
69318	0	0	0	0	0	0	0
0	0	0	0	0	0	0	356070
0	0	0	0	154230	0	0	0
0	0	0	20896558	0	0	0	0
0	0	0	113334	0	0	0	0
0	0	0	0	114430	0	0	0
0	0	0	0	130034	0	0	0
0	0	0	0	76662	0	0	0
116894	0	0	0	0	0	0	0
0	0	0	0	0	0	0	961058
0	0	0	0	105058	0	0	0
0	0	0	0	109426	0	0	0
0	0	0	94122	0	0	0	0
0	0	0	0	174826	0	0	0
0	0	0	85678	0	0	0	0
20507098	0	0	0	0	0	0	0
0	0	0	0	88694	0	0	0
0	0	0	0	290406	0	0	0
0	0	0	109154	0	0	0	0
70264	0	0	0	0	0	0	0
0	0	0	98034	0	0	0	0
0	0	0	0	143202	0	0	0
0	0	0	133666	0	0	0	0
96730	0	0	0	0	0	0	0
0	0	0	0	106346	0	0	25152506
0	0	0	3099502	0	0	0	0
0	0	0	150178	0	0	0	0
0	0	0	0	138234	0	0	0
74674	0	0	0	0	0	0	0
0	0	0	0	89974	0	0	0
102716	0	0	0	0	0	0	0
112168	0	0	0	0	0	0	0
0	0	0	0	122494	0	0	0
206690	0	0	0	0	0	0	0
114688	0	0	0	0	0	0	0
777926	0	0	0	0	0	0	0
72466	0	0	0	0	0	0	0
0	0	0	0	3140210	0	0	0
125402	0	0	0	0	0	0	0
0	0	0	0	0	0	0	6614766
0	0	0	0	77558	0	0	0
0	0	0	19730214	0	0	0	0
0	0	0	0	0	0	0	892774
107442	0	0	0	0	0	0	0
0	0	0	207594	0	0	0	0
165252	0	0	0	0	0	0	0
0	0	0	0	98022	0	0	0
0	0	0	0	0	0	0	1859110
0	0	0	0	97914	0	0	0
220124	0	0	0	0	0	0	0
0	0	0	159718	0	0	0	0
0	0	0	94202	0	0	0	0
0	0	0	0	0	0	0	3041910
0	0	0	0	171626	0	0	0
130132	0	0	0	0	0	0	0
0	0	0	0	0	0	0	228906
0	0	0	105214	0	0	0	0
83410	0	0	0	0	0	0	0
152082	0	0	0	0	0	0	0
1934722	0	0	0	0	0	0	0
0	0	0	77626	0	0	0	0
7756766	0	0	0	0	0	0	0
129182	0	0	0	0	0	0	0
0	0	0	0	93162	0	0	0
0	0	0	0	5749362	0	0	0
488542	0	0	0	0	0	0	0
74630	0	0	0	0	0	0	0
136742	0	0	0	0	0	0	0
0	0	0	0	171770	0	0	0
81764	0	0	0	0	0	0	0
107128	0	0	0	0	0	0	0
147376	0	0	0	0	0	0	0
0	0	0	0	948974	0	0	0
0	0	0	73338	0	0	0	0
0	0	0	0	81894	0	0	0
0	0	0	72382	0	0	0	0
0	0	0	0	0	0	0	16043634
101456	0	0	0	0	0	0	0
0	0	0	564926	0	0	0	0
0	0	0	0	4635642	0	0	0
0	0	0	0	6446966	0	0	0
0	0	0	150066	0	0	0	0
0	0	0	0	0	0	0	14946146
169642	0	0	0	0	0	0	0
140524	0	0	0	0	0	0	0
131702	0	0	0	0	0	0	0
148716	0	0	0	0	0	0	0
0	0	0	0	12722018	0	0	0
0	0	0	0	110574	0	0	0
0	0	0	536494	0	0	0	0
0	0	0	0	130026	0	0	0
177074	0	0	0	0	0	0	0
0	0	0	0	114286	0	0	0
133592	0	0	0	0	0	0	0
0	0	0	4619810	0	0	0	0
0	0	0	0	106090	0	0	0
0	0	0	0	0	0	0	286634
90112	0	0	0	0	0	0	0
0	0	0	68606	0	0	0	0
0	0	0	0	0	0	0	18452322
0	0	0	0	0	0	0	18561846
0	0	0	0	102114	0	0	0
0	0	0	113398	0	0	0	0
0	0	0	0	89974	0	0	0
0	0	0	81846	0	0	0	0
0	0	0	0	0	0	0	744250
67732	0	0	0	0	0	0	0
98616	0	0	0	0	0	0	0
71466	0	0	0	0	0	0	0
0	0	0	0	174714	0	0	0
95954	0	0	0	0	0	0	0
0	0	0	0	80614	0	0	0
73690	0	0	0	0	0	0	0
0	0	0	0	125554	0	0	0
0	0	0	0	72434	0	0	0
0	0	0	85810	0	0	0	0
0	0	0	0	101114	0	0	0
0	0	0	23285426	0	0	0	0
113284	0	0	0	0	0	0	0
0	0	0	121514	0	0	0	0
0	0	0	192434	0	0	0	0
0	0	0	0	121598	0	0	0
71494	0	0	0	0	0	0	0
163528	0	0	0	0	0	0	0
3121898	0	0	0	0	0	0	0
0	0	0	0	118766	0	0	0
0	0	0	0	133746	0	0	0
156038	0	0	0	0	0	0	0
0	0	0	0	174970	0	0	0
0	0	0	0	9853670	0	0	0
0	0	0	113202	0	0	0	0
0	0	0	0	93938	0	0	0
0	0	0	0	135026	0	0	0
158800	0	0	0	0	0	0	0
0	0	405162	0	0	0	0	0
150290	0	0	0	0	0	0	0
0	0	0	126698	0	0	0	0
75620	0	0	0	0	0	0	0
0	0	0	0	0	0	0	3911278
97368	0	0	0	0	0	0	0
0	0	0	9604734	0	0	0	0
124142	0	0	0	0	0	0	0
108496	0	0	0	0	0	0	0
0	0	0	0	0	0	0	4288110
74988	0	0	0	0	0	0	0
0	0	0	0	89974	0	0	0
0	0	0	0	0	0	0	25869862
0	0	880622	0	0	0	0	0
107978	0	0	0	0	0	0	0
0	0	0	0	151278	0	0	0
0	0	0	0	77670	0	0	0
0	0	0	0	0	0	0	9358014
0	0	0	0	102394	0	0	0
112258	0	0	0	0	0	0	0
0	0	0	0	129778	0	0	0
0	0	0	118766	0	0	0	0
0	0	0	0	163826	0	0	0
0	0	0	0	0	0	0	2445038
0	0	0	0	122494	0	0	0
0	0	0	147126	0	0	0	0
99716	0	0	0	0	0	0	0
19985016	0	0	0	0	0	0	0
113514	0	0	0	0	0	0	0
78080	0	0	0	0	0	0	0
120990	0	0	0	0	0	0	0
0	0	0	0	81766	0	0	0
0	0	0	0	85742	0	0	0
0	0	0	0	2190074	0	0	0
87590	0	0	0	0	0	0	0
170140	0	0	0	0	0	0	0
0	0	0	0	110574	0	0	0
0	0	0	122874	0	0	0	0
133908	0	0	0	0	0	0	0
129812	0	0	0	0	0	0	0
0	0	0	0	105066	0	0	0
0	0	0	0	0	0	0	76598
0	0	0	0	0	0	0	10935102
0	0	0	0	9587702	0	0	0
0	0	0	0	0	0	0	2235942
83812	0	0	0	0	0	0	0
0	0	0	0	151422	0	0	0
0	0	0	0	0	0	0	2402938
0	0	0	0	8587890	0	0	0
0	0	0	0	89974	0	0	0
0	0	0	0	0	0	0	8362814
87908	0	0	0	0	0	0	0
0	0	0	98174	0	0	0	0
73728	0	0	0	0	0	0	0
132962	0	0	0	0	0	0	0
0	0	0	0	93178	0	0	0
0	0	0	0	216822	0	0	0
75934	0	0	0	0	0	0	0
1090168	0	0	0	1100646	0	0	0
120990	0	0	0	0	0	0	0
0	0	0	0	0	0	0	392046
407710	0	0	0	0	0	0	0
0	0	0	113594	0	0	0	0
0	0	0	0	97914	0	0	0
0	0	0	0	94202	0	0	0
0	0	0	77542	0	0	0	0
0	0	0	0	110438	0	0	0
0	0	0	0	97018	0	0	0
0	0	0	0	0	0	0	339810
0	0	0	80438	0	0	0	0
172664	0	0	0	0	0	0	0
0	0	0	137842	0	0	0	0
105360	0	0	0	0	0	0	0
0	0	0	0	146146	0	0	0
99716	0	0	0	0	0	0	0
80974	0	0	0	0	0	0	0
189048	0	0	0	0	0	0	0
0	0	0	0	113382	0	0	0
0	0	0	0	102250	0	0	0
102716	0	0	0	0	0	0	0
