93894	0	0	0	0	0	0	0
0	0	0	191458	0	0	0	0
165732	0	0	0	0	0	0	0
127292	0	0	0	0	0	0	0
0	0	92910	0	0	0	0	0
0	0	0	163830	0	0	0	0
167622	0	0	0	0	0	0	0
0	0	0	0	106482	0	0	0
0	0	0	109218	0	0	0	0
0	0	0	0	0	0	0	3337022
94840	0	0	0	0	0	0	0
110278	0	0	0	0	0	0	0
0	0	0	0	77558	0	0	0
0	0	0	0	0	0	0	7547698
0	0	0	93166	0	0	0	0
0	0	0	0	0	0	0	26106558
0	0	0	84526	0	0	0	0
0	0	0	0	0	0	0	1288826
0	0	0	192102	0	0	0	0
0	0	0	0	106346	0	0	0
0	3247934	0	0	0	0	0	0
0	0	0	0	0	0	0	2154214
0	0	0	106494	0	0	0	0
0	0	0	0	146146	0	0	0
65536	0	0	0	0	0	0	0
0	0	0	0	134770	0	0	0
88004	0	0	0	0	0	0	978546
6956222	0	0	0	0	0	0	0
79020	0	0	0	0	0	0	0
0	0	0	174774	0	0	0	100691694
0	0	0	0	0	0	0	1743794
9542978	0	0	0	0	0	0	0
0	0	0	0	171770	0	0	0
174660	0	0	0	0	0	0	0
0	0	0	0	0	0	0	187946
76512	0	0	0	0	0	0	0
0	0	0	0	0	0	0	2030270
1851312	0	0	0	0	0	0	0
0	0	0	0	0	0	0	1604530
81290	0	0	0	0	0	0	0
99716	0	0	0	0	0	0	0
0	0	0	0	155622	0	0	0
0	0	0	0	167786	0	0	0
0	0	0	0	105202	0	0	0
0	0	0	0	0	0	0	1018558
0	0	0	4594610	0	0	0	0
0	0	0	0	0	0	0	24940386
0	0	0	0	0	0	0	26192890
78140	0	0	0	0	0	0	0
0	0	0	105402	0	0	0	0
117210	0	0	0	0	0	0	0
0	0	0	106170	0	0	0	0
0	0	0	0	0	0	0	301886
0	0	0	0	22700006	0	0	0
0	0	0	88818	0	0	0	0
0	0	0	0	80614	0	0	0
100196	0	0	0	0	0	0	0
91688	0	0	0	0	0	0	0
0	0	0	0	117502	0	0	0
0	0	0	0	109426	0	0	0
0	0	0	0	0	0	0	441138
0	0	88742	0	0	0	0	0
0	0	0	0	0	0	0	5090226
0	8997742	0	0	0	0	0	0
92004	0	0	0	0	0	0	0
0	0	0	0	98170	0	0	0
0	0	0	0	117374	0	0	0
122250	0	0	0	0	0	0	0
0	0	0	69294	0	0	0	0
0	0	0	0	98026	0	0	0
71206	0	0	0	0	0	0	0
144934	0	0	0	0	0	0	0
187830	0	0	0	0	0	0	0
186886	0	0	0	0	0	0	0
0	0	0	0	0	0	0	858814
0	0	0	13368050	0	0	0	0
0	22646446	0	0	0	0	0	0
0	0	0	0	77430	0	0	0
0	0	0	0	0	0	0	16252842
84886	0	0	0	0	0	0	0
110278	0	0	0	0	0	0	0
598646	0	0	0	0	0	0	0
6750208	0	0	0	0	0	0	0
0	0	0	162426	0	0	0	0
102716	0	0	0	0	0	0	0
0	0	0	0	0	0	0	21294074
124456	0	0	0	0	0	0	0
92634	0	0	0	0	0	0	0
0	0	0	0	89838	0	0	0
0	0	8408050	0	8413046	0	0	0
0	0	0	3181090	0	0	0	0
0	0	0	0	0	0	0	3775166
0	0	0	0	102250	0	0	128532006
0	0	0	0	170738	0	0	0
117276	0	0	0	0	0	0	0
100490	0	0	0	0	0	0	0
98304	0	0	0	0	0	0	0
0	0	0	106302	0	0	0	0
0	0	0	0	134770	0	0	0
77084	0	0	0	0	0	0	0
80660	0	0	0	0	0	0	0
0	0	0	0	73714	0	0	0
83410	0	0	0	0	0	0	0
0	0	0	0	0	0	0	4496062
129192	0	0	0	0	0	0	0
1407928	0	0	0	0	0	0	0
0	0	0	0	0	0	0	26188722
68686	0	0	0	0	0	0	0
0	0	0	80566	0	0	0	0
0	0	0	89974	0	0	0	0
0	0	0	0	167930	0	0	0
0	0	0	5119802	0	0	0	0
0	0	0	0	0	0	0	4692790
119100	0	0	0	0	0	0	0
81530	0	0	0	0	0	0	0
0	0	0	0	105058	0	0	0
135482	0	0	0	0	0	0	0
0	0	0	0	84982	0	0	0
0	0	0	0	101098	0	0	0
0	0	0	3230318	0	0	0	0
0	0	0	105022	0	0	0	0
104858	0	0	0	0	0	0	0
0	0	0	0	98154	0	0	0
0	0	0	0	98154	0	0	0
91374	0	0	0	0	0	0	0
0	0	0	0	89974	0	0	0
94524	0	0	0	0	0	0	104927074
0	0	5323690	0	0	0	0	0
0	0	0	0	0	0	0	8458082
0	0	138214	0	0	0	0	0
0	0	0	0	96874	0	0	0
80588	0	0	0	0	0	0	0
2800720	0	0	0	0	0	0	2838442
0	0	0	0	2072562	0	0	0
419682	0	0	0	0	0	0	0
97044	0	0	0	0	0	0	0
0	0	0	106274	0	0	0	0
0	0	15937262	0	0	0	0	0
130448	0	0	0	0	0	0	0
0	0	0	0	84982	0	0	0
0	0	0	0	133746	0	0	0
0	0	0	0	102010	0	0	0
0	0	0	0	138210	0	0	0
0	0	0	655266	0	0	0	0
0	0	109234	0	0	0	0	0
0	0	0	0	89974	0	0	0
0	0	0	0	0	0	0	22236082
0	0	0	0	0	0	0	302002
94698	0	0	0	0	0	0	0
200976	0	0	0	0	0	0	0
322010	0	0	0	0	0	0	0
138910	0	0	0	0	0	0	0
0	0	0	0	0	0	0	125474
0	0	0	113594	0	0	0	0
0	0	0	0	1526638	0	0	0
0	0	0	0	0	0	0	4209342
0	0	0	0	89974	0	0	0
114768	0	0	0	0	0	0	0
0	0	0	85550	0	0	0	0
0	0	0	117550	0	0	0	0
86332	0	0	0	0	0	0	0
0	0	0	0	0	0	0	9740130
0	0	0	420450	0	0	0	0
128564	0	0	0	0	0	0	0
0	0	0	0	125554	0	0	0
112886	0	0	0	0	0	0	0
0	0	0	0	0	0	0	3210046
102224	0	0	0	0	0	0	0
0	0	0	0	0	0	0	4828154
0	0	0	2408430	0	0	0	0
0	0	0	130978	0	0	0	0
83014	0	0	0	0	0	0	0
0	0	0	0	114286	0	0	0
0	0	0	0	2670186	0	0	0
154788	0	0	0	0	0	0	0
82156	0	0	0	0	0	0	0
0	0	0	0	0	0	0	269934
0	0	0	0	102002	0	0	0
0	0	0	0	76662	0	0	0
0	0	0	0	122606	0	0	0
2489114	0	0	0	0	0	0	0
0	0	81646	0	0	0	0	0
0	0	0	0	4148982	0	0	0
294442	0	0	0	0	0	0	0
0	0	0	97258	0	0	0	0
0	0	0	0	11365114	0	0	0
0	0	0	0	10963814	0	0	0
126660	0	0	0	0	0	0	0
0	0	0	0	0	0	0	326334
0	0	0	81442	0	0	0	0
0	0	0	0	0	0	0	199202
77510	0	0	0	0	0	0	0
0	0	0	0	0	0	0	208614
0	0	0	0	0	0	0	9993842
0	0	0	109366	0	0	0	0
0	0	0	0	88694	0	0	0
1212732	0	0	0	0	0	0	0
0	0	0	0	118510	0	0	0
0	0	0	0	122606	0	0	0
0	0	0	0	109294	0	0	0
0	0	237482	0	0	0	0	0
74630	0	0	0	0	0	0	0
175814	0	0	0	0	0	0	0
0	0	0	0	80502	0	0	0
181800	0	0	0	0	0	0	0
0	15739438	0	0	0	0	0	0
0	0	0	0	110574	0	0	0
0	0	0	130598	0	0	0	0
0	0	3534574	0	0	0	0	26630962
0	0	0	0	88694	0	0	0
91688	0	0	0	0	0	0	0
0	0	0	1854062	0	0	0	0
0	0	0	0	93162	0	0	0
0	0	0	0	0	0	0	560998
83812	0	0	0	0	0	0	0
133580	0	0	0	0	0	0	0
0	0	0	0	88694	0	0	0
0	0	0	0	240498	0	0	0
0	0	0	0	122494	0	0	0
0	0	0	0	195570	0	0	0
0	0	0	0	0	0	0	1121082
71180	0	0	0	0	0	0	0
0	0	0	0	0	0	0	13106098
0	0	118502	0	0	0	0	0
0	0	0	93030	0	0	0	0
0	0	0	0	0	0	0	3316538
0	0	118442	0	0	0	0	0
0	0	8158890	0	0	0	0	0
103790	0	0	0	0	0	0	0
0	0	0	0	126946	0	0	0
98930	0	0	0	0	0	0	0
0	0	0	0	310270	0	0	0
0	0	0	0	80614	0	0	0
122250	0	0	0	0	0	0	0
0	0	2887398	0	0	0	0	0
80902	0	0	0	0	0	0	0
0	0	0	0	166650	0	0	0
0	0	0	0	105058	0	0	0
0	0	0	73718	0	0	0	0
0	0	0	0	0	0	0	818802
0	0	93938	0	0	0	0	0
0	0	0	0	138098	0	0	0
91126	0	0	0	0	0	0	0
129190	0	0	0	0	0	0	0
0	0	0	5168894	5197694	0	0	0
0	0	0	0	129890	0	0	0
109124	0	0	0	0	0	0	0
0	0	0	81650	0	0	0	0
168074	0	0	0	0	0	0	0
0	0	0	0	105442	0	0	0
3324060	0	0	0	0	0	0	0
0	0	0	101310	0	0	0	0
0	0	0	0	118510	0	0	0
0	0	0	0	93178	0	0	0
0	0	0	0	88694	0	0	0
0	0	0	0	150518	0	0	0
0	0	0	151534	0	0	0	0
0	0	0	0	84838	0	0	0
92634	0	0	0	0	0	0	0
85920	0	0	0	0	0	0	0
0	0	84986	0	0	0	0	0
90504	0	0	0	0	0	0	0
0	0	0	0	171002	0	0	0
150512	0	0	0	0	0	0	0
0	0	0	0	0	0	0	576122
0	0	0	76386	0	0	0	0
126032	0	0	0	0	0	0	0
76880	0	0	0	0	0	0	0
173090	0	0	0	0	0	0	0
76512	0	0	0	0	0	0	0
0	0	0	0	0	0	0	8747954
0	0	0	0	114430	0	0	0
0	0	81578	0	0	0	0	0
0	0	0	9748334	0	0	0	0
0	0	0	0	142194	0	0	0
0	0	0	0	0	0	0	4442658
0	0	0	0	0	0	0	10009278
114140	0	0	0	0	0	0	0
0	0	0	0	167650	0	0	0
0	0	0	0	1126378	0	0	0
0	0	0	0	3824246	0	0	0
0	0	0	1093238	0	0	0	0
0	0	0	0	0	0	0	1825470
0	0	1833662	0	0	0	0	0
101598	0	0	0	0	0	0	0
0	0	0	519974	0	0	0	552806
0	0	0	0	0	0	0	564018
0	0	0	0	593914	0	0	0
103346	0	0	0	0	0	0	0
0	0	0	0	85606	0	0	0
0	0	0	0	84982	0	0	0
0	0	0	0	109438	0	0	0
81530	0	0	0	0	0	0	0
0	0	0	0	121462	0	0	0
81530	0	0	0	39435262	0	0	0
0	0	0	0	0	0	0	957362
4770644	0	0	0	0	0	0	0
0	0	0	1928870	0	0	0	0
0	0	0	0	98286	0	0	0
93264	0	0	0	0	0	0	0
0	0	0	101026	0	0	0	0
130758	0	0	0	0	0	0	0
0	0	0	0	105466	0	0	0
0	0	0	0	97014	0	0	0
2881076	0	0	0	0	0	0	0
0	0	1960698	1953330	1956606	0	0	0
78394	0	0	0	0	0	0	0
0	0	0	0	106090	0	0	0
0	0	0	0	73714	0	0	0
0	0	0	97830	0	0	0	0
0	0	0	0	89974	0	0	0
0	0	1170430	1179554	0	0	0	0
0	0	0	0	0	0	0	839526
94872	0	0	0	0	0	0	0
4496586	0	0	0	0	0	0	0
0	0	0	0	0	0	0	3514094
0	0	0	0	81650	0	0	0
126056	0	0	0	0	0	0	0
0	0	0	0	0	0	0	216686
0	0	0	0	121838	0	0	0
0	0	0	0	0	0	0	937826
0	0	0	0	110574	0	0	0
0	0	0	0	77670	0	0	0
0	0	0	77734	0	0	0	0
0	0	0	0	0	0	0	256546
0	0	0	0	0	0	0	830458
0	0	434082	0	0	0	0	0
73690	0	0	0	0	0	0	0
4073530	0	0	0	0	0	0	0
141106	0	0	0	0	0	0	45846126
111004	0	0	0	0	0	0	0
104734	0	0	0	0	0	0	0
0	0	0	0	0	0	0	944950
0	0	0	0	122494	0	0	0
0	0	0	163710	0	0	0	0
90308	0	0	0	0	0	0	0
0	0	0	0	92922	0	0	0
126684	0	0	0	0	0	0	0
0	0	0	114482	0	0	0	0
0	514814	0	0	0	0	0	0
107128	0	0	0	0	0	0	0
0	0	0	2793022	0	0	0	0
0	0	0	0	0	0	0	146042
0	0	0	0	80758	0	0	0
0	0	0	151534	0	0	0	0
0	0	0	0	109294	0	0	0
97522	0	0	0	0	0	0	0
2150714	2177918	0	0	0	0	0	0
105552	0	0	0	0	0	0	0
0	0	0	0	105066	0	0	0
83014	0	0	0	0	0	0	0
0	127024830	0	0	0	0	0	6110002
0	0	0	0	122494	0	0	0
114768	0	0	0	0	0	0	0
0	0	0	0	0	0	0	1142314
140838	0	0	0	0	0	0	0
0	0	0	0	138098	0	0	0
0	0	0	0	146426	0	0	0
0	0	0	0	101098	0	0	0
78018	0	0	0	0	0	0	0
0	0	0	0	416486	0	0	0
121710	0	0	0	0	0	0	0
25225090	0	0	0	0	0	0	0
0	0	84910	0	0	0	0	0
141784	0	0	0	0	0	0	0
0	0	0	72442	0	0	0	0
267184	0	0	0	0	0	0	0
0	0	0	204470	0	0	0	0
0	0	0	0	130658	0	0	0
95640	0	0	0	0	0	0	0
0	0	0	117678	0	0	0	0
0	0	0	0	88830	0	0	0
90620	0	0	0	0	0	0	0
105360	0	0	0	0	0	0	0
0	0	0	110138	0	0	0	0
0	0	0	0	0	0	0	8718966
0	0	0	1391282	1408874	0	0	0
0	0	331510	0	0	0	0	0
0	0	0	0	126970	0	0	0
193458	0	0	0	0	0	0	0
156156	0	0	0	0	0	0	0
84038	0	0	0	0	0	0	0
1394442	0	0	0	0	0	0	0
0	0	0	0	76390	0	0	0
0	0	0	0	98154	0	0	0
0	0	0	143222	0	0	0	0
0	0	0	0	118654	0	0	0
82468	0	0	0	0	0	0	0
81920	0	0	0	0	0	0	0
0	0	143334	0	0	0	0	0
0	0	0	0	73714	0	0	0
0	0	0	0	89070	0	0	0
0	0	0	0	118766	0	0	0
512374	0	0	0	0	0	0	0
0	0	0	0	118654	0	0	0
0	0	0	0	0	0	0	8609518
0	0	0	11783154	0	0	0	0
0	0	0	0	133730	0	0	0
0	0	0	0	102258	0	0	0
280330	0	0	0	0	0	0	0
102224	0	0	0	0	0	0	0
0	0	0	0	0	0	0	1949542
83724	0	0	0	0	0	0	0
2329822	0	0	0	0	0	0	0
0	0	0	0	0	0	0	1437542
0	0	0	114406	0	0	0	0
0	0	0	0	158566	0	0	0
0	0	0	0	0	0	0	2928242
105866	0	0	0	0	0	0	0
0	0	97958	0	0	0	0	96923366
0	0	0	6909734	0	0	0	0
0	0	0	483178	491126	0	0	0
166190	0	0	0	0	0	0	0
126056	0	0	0	0	0	0	0
93264	0	0	0	0	0	0	0
120096	0	0	0	0	0	0	0
0	0	0	0	0	0	0	1133158
76880	0	0	0	0	0	0	0
0	0	0	0	170602	0	0	0
252738	0	0	0	0	0	0	0
97368	0	0	0	0	0	0	0
117276	0	0	0	0	0	0	0
0	0	0	0	0	0	0	1317410
0	0	0	0	105066	0	0	0
99566	0	0	0	0	0	0	0
0	0	0	0	97914	0	0	0
0	0	0	72698	0	0	0	0
158170	0	0	0	0	0	0	0
0	0	0	0	0	0	0	826046
0	0	0	0	0	0	0	20568894
0	0	0	138874	0	0	0	0
814968	0	0	0	0	0	0	0
0	0	0	0	90110	0	0	0
0	0	114670	0	0	0	0	0
85920	0	0	0	0	0	0	0
0	0	0	0	0	0	0	1174522
78080	0	0	0	0	0	0	0
0	0	0	0	0	0	0	1219262
0	0	0	125802	0	0	0	0
85920	0	0	0	0	0	0	0
72122	0	0	0	0	0	0	0
77140	0	0	0	0	0	0	0
0	0	0	0	174718	0	0	0
4510642	0	0	0	0	0	0	0
0	0	0	0	110326	0	0	0
0	0	0	0	0	0	0	471014
74630	0	0	0	0	0	0	0
0	0	0	0	125666	0	0	0
0	0	0	0	228078	0	0	0
69614	0	0	0	0	0	0	0
0	0	0	0	0	0	0	577138
116022	0	0	0	0	0	0	0
126344	0	0	0	0	0	0	0
142414	0	0	0	0	0	0	0
1782268	0	0	0	0	0	0	113029034
0	0	0	0	90086	0	0	0
0	0	178938	0	0	0	0	0
0	0	0	0	93162	0	0	0
0	0	0	0	15248254	0	0	15265534
78770	0	0	0	0	0	0	0
156908	0	0	0	0	0	0	0
0	0	0	0	106090	0	0	0
0	0	0	0	8388594	0	0	0
0	0	0	0	81766	0	0	0
0	0	0	0	77670	0	0	0
0	0	0	150378	0	0	0	0
104734	0	0	0	0	0	0	0
220554	0	0	0	0	0	0	0
1638086	1649454	94206	0	0	0	0	0
70528	0	0	0	0	0	0	0
0	0	0	0	97266	0	0	0
0	0	0	159342	0	0	0	0
0	0	0	0	0	0	0	437170
130758	0	0	0	0	0	0	0
0	0	0	0	143226	0	0	0
0	0	0	105402	0	0	0	0
168702	0	0	0	0	0	0	0
0	0	0	0	0	0	0	1059446
0	0	0	0	7823334	0	0	0
147376	0	0	0	0	0	0	0
0	0	0	0	93938	0	0	0
200686	0	0	0	0	0	0	0
0	0	0	0	0	0	0	355322
0	0	0	0	105442	0	0	0
102986	0	0	0	0	0	0	0
13672880	0	0	0	0	0	0	0
0	0	0	2408246	2416614	0	0	0
0	0	0	0	0	0	0	8715186
0	0	0	77798	0	0	0	0
0	0	0	0	162790	0	0	0
2742792	0	0	0	0	0	0	0
195354	0	0	0	0	0	0	0
0	0	0	4452138	0	0	0	0
0	0	0	14379562	0	0	0	0
0	0	0	1904574	0	0	0	0
0	0	0	449150	0	0	0	0
0	0	0	0	96874	0	0	0
0	0	0	117614	0	0	0	0
0	0	0	0	101242	0	0	0
0	0	0	0	0	0	0	3009058
0	0	0	670262	0	0	0	0
0	0	0	0	0	0	0	8515430
0	0	0	0	0	0	0	8067774
91440	0	0	0	0	0	0	0
0	0	0	90106	0	0	0	0
0	0	0	101046	0	0	0	0
78706	0	0	0	0	0	0	0
88742	0	0	0	0	0	0	0
0	0	0	0	0	0	0	2178986
167272	0	0	0	0	0	0	0
0	0	0	0	20963302	0	0	0
0	0	3844778	0	0	0	0	0
0	0	204706	0	0	0	0	0
0	0	0	0	89830	0	0	0
0	0	0	129826	0	0	0	0
157100	0	0	0	0	0	0	0
0	0	0	0	97122	0	0	0
0	0	0	0	0	0	0	9620090
0	0	0	80822	0	0	0	0
0	0	0	0	118654	0	0	0
0	0	0	129826	0	0	0	0
136402	0	0	0	0	0	0	0
0	0	0	69218	0	0	0	0
850096	0	0	0	0	0	0	0
0	0	0	0	135026	0	0	0
0	0	158462	0	0	0	0	0
83410	0	0	0	0	0	0	0
0	0	0	0	1756150	0	0	0
103164	0	0	0	0	0	0	0
0	0	0	102306	0	0	0	0
0	0	0	0	102394	0	0	0
107128	0	0	0	0	0	0	0
163056	0	0	0	0	0	0	0
0	0	0	0	85606	0	0	0
0	0	0	0	118766	0	0	0
182184	0	0	0	0	0	0	0
0	0	0	0	0	0	0	17514410
0	0	0	0	0	0	0	11205242
0	0	0	924594	0	0	0	953966
0	0	0	0	282358	0	0	0
0	0	0	0	125554	0	0	0
0	0	0	0	1900130	0	0	0
0	0	0	0	0	0	0	8702498
13698272	0	0	0	0	0	0	0
0	0	0	0	0	0	0	2870266
6560814	0	0	0	0	0	0	0
0	0	0	0	96874	0	0	0
0	0	0	0	89830	0	0	0
0	0	0	0	0	0	0	5884734
0	0	0	0	101242	0	0	0
0	0	0	0	1367926	0	0	0
141784	0	0	0	0	0	0	0
0	0	0	0	0	0	0	6270890
0	0	0	0	105466	0	0	0
0	0	0	0	113382	0	0	0
0	0	0	0	89830	0	0	0
78078	0	0	0	0	0	0	0
0	0	0	0	0	0	0	2617186
0	0	0	262054	0	0	0	0
0	0	1736618	0	0	0	0	0
0	0	0	0	129642	0	0	0
0	0	0	0	1834994	0	0	0
155018	0	0	0	0	0	0	0
0	0	0	0	204642	0	0	0
94072	0	0	0	0	0	0	0
0	0	0	141934	0	0	0	0
79648	0	0	0	0	0	0	0
130446	0	0	0	0	0	0	0
0	0	0	0	0	0	0	23337662
84038	0	0	0	0	0	0	0
0	0	0	0	76526	0	0	0
0	0	0	0	90086	0	0	0
0	0	0	0	0	0	0	21228154
0	0	0	3127914	3123946	0	0	0
0	0	0	0	94178	0	0	0
0	0	0	0	94198	0	0	0
84038	0	0	0	0	0	0	0
0	0	0	0	110574	0	0	0
0	0	0	81446	0	0	0	0
0	0	0	0	126570	0	0	0
0	0	0	113206	0	0	0	0
154276	0	0	0	0	0	0	0
0	0	0	0	85606	0	0	0
0	0	0	0	0	0	0	16039654
0	0	0	97058	0	0	0	0
0	0	0	0	0	0	0	4505514
0	0	0	4438898	0	0	0	0
0	0	0	125674	0	0	0	0
0	0	0	97186	0	0	0	0
0	0	0	0	131058	0	0	0
0	0	0	0	133746	0	0	0
0	0	0	142114	0	0	0	0
0	0	0	141866	0	0	0	0
71208	0	0	0	0	0	0	0
0	0	0	158246	0	0	0	0
0	0	0	0	0	0	0	97906
0	0	0	0	139250	0	0	0
98148	0	0	0	0	0	0	0
0	0	0	0	0	0	0	6115046
0	0	0	88702	0	0	0	0
0	0	0	126954	0	0	0	0
0	0	0	0	93030	0	0	0
104858	0	0	0	0	0	0	0
12968604	0	0	0	0	0	0	13004402
0	0	0	0	0	0	0	6650682
0	0	0	0	133746	0	0	0
0	0	0	0	113518	0	0	0
0	0	0	0	84606	0	0	0
0	0	0	0	0	0	0	1621546
123512	0	0	0	0	0	0	0
144802	0	0	0	0	0	0	0
0	0	155362	0	0	0	0	0
153020	0	0	0	0	0	0	0
0	0	0	0	0	0	0	793278
0	0	0	0	5590774	0	0	0
0	0	0	0	0	0	0	2354802
0	0	0	0	200306	0	0	0
0	0	0	0	97914	0	0	0
148630	0	0	0	0	0	0	0
126996	0	0	0	0	0	0	0
0	0	4702178	0	0	0	0	0
0	0	0	0	5922678	0	0	0
0	0	0	4524862	0	0	0	0
0	0	150194	0	0	0	0	0
0	0	0	0	757754	0	0	0
234864	0	0	0	0	0	0	0
0	0	0	0	958314	0	0	0
0	0	0	97186	0	0	0	0
0	0	0	0	102250	0	0	0
115394	0	0	0	0	0	0	0
0	0	0	0	106482	0	0	0
0	0	0	90082	0	0	0	0
139850	0	0	0	0	0	0	0
0	0	0	133666	0	0	0	0
0	0	0	0	0	0	0	2989926
0	0	0	0	130658	0	0	0
0	0	0	0	80758	0	0	17447742
0	0	0	0	117614	0	0	0
21675484	0	0	0	0	0	0	0
158168	0	0	0	0	0	0	0
0	0	0	0	1399414	0	0	0
0	0	0	0	0	0	0	21335782
0	0	0	0	0	0	0	7928630
0	0	109562	0	0	0	0	0
0	0	3136506	0	0	0	0	0
0	0	0	0	94066	0	0	0
0	0	0	19401726	0	0	0	0
0	0	0	0	92922	0	0	0
135148	0	0	0	0	0	0	0
0	0	0	0	0	0	0	2727850
76880	0	0	0	0	0	0	0
9062244	0	0	0	0	0	0	0
120990	0	0	0	0	0	0	0
0	0	0	97826	0	0	0	0
112886	0	0	0	0	0	0	0
0	0	0	0	163450	0	0	0
120726	0	0	0	0	0	0	0
150512	0	0	0	0	0	0	0
114768	0	0	0	0	0	0	0
94522	0	0	0	0	0	0	0
0	5144574	0	0	0	0	0	0
0	0	0	0	146282	0	0	0
89054	0	0	0	0	0	0	0
0	0	0	113402	0	0	0	0
0	0	0	0	150374	0	0	0
0	0	0	0	92786	0	0	0
5280690	0	0	0	0	0	0	0
76248	0	0	0	0	0	0	0
0	0	73386	0	0	0	0	0
0	0	159406	0	0	0	0	0
0	0	0	0	118654	0	0	0
79020	0	0	0	0	0	0	0
0	0	0	563770	0	0	0	0
0	0	0	0	0	0	0	6405746
0	0	0	0	77558	0	0	0
0	0	0	0	0	0	0	25374562
106302	0	0	0	0	0	0	0
0	0	0	0	117614	0	0	0
0	0	0	0	117750	0	0	0
0	0	0	101054	0	0	0	0
0	0	0	0	77558	0	0	0
81530	0	0	0	0	0	0	0
0	0	0	0	97914	0	0	0
5557390	0	0	0	0	0	0	0
3391172	0	0	0	0	0	0	0
0	0	0	0	109438	0	0	0
0	0	0	0	126834	0	0	0
0	0	0	0	81654	0	0	0
146824	0	0	0	0	0	0	0
0	0	110502	0	0	0	0	0
0	0	0	0	0	0	0	14944802
169014	0	0	0	0	0	0	0
107242	0	0	0	0	0	0	0
125742	0	0	0	0	0	0	0
0	0	0	0	0	0	0	1519214
110476	0	0	0	0	0	0	0
0	0	101054	0	0	0	0	0
0	0	0	0	155510	0	0	0
0	0	0	0	105066	0	0	0
1758862	0	0	0	0	0	0	0
0	0	0	0	249582	0	0	0
0	0	0	0	106346	0	0	0
0	0	0	0	187134	0	0	0
0	0	0	0	19417958	0	0	19447650
0	0	0	163518	0	0	0	0
0	0	0	92842	0	0	0	0
148318	0	0	0	0	0	0	0
0	0	0	0	105466	0	0	0
0	0	0	0	118654	0	0	0
84978	0	0	0	0	0	0	0
0	0	0	0	0	0	0	141942
0	0	0	0	81654	0	0	0
0	0	0	0	146290	0	0	0
150606	0	0	0	0	0	0	0
122294	0	0	0	0	0	0	0
3582532	0	0	0	0	0	0	0
95640	0	0	0	0	0	0	0
0	0	0	0	92782	0	0	0
0	0	0	85930	0	0	0	0
85292	0	0	0	0	0	0	0
0	0	0	122814	0	0	0	0
0	0	0	0	0	0	0	8695526
90936	0	0	0	0	0	0	0
94698	0	0	0	0	0	0	0
0	0	0	0	0	0	0	818726
0	0	0	0	94198	0	0	0
0	0	0	0	133730	0	0	0
0	0	0	0	0	0	0	870946
93262	0	0	0	0	0	0	0
0	0	0	4926062	0	0	0	0
0	0	0	0	10234746	0	0	0
124802	0	0	0	0	0	0	0
126684	0	0	0	0	0	0	0
0	0	0	89006	0	0	0	0
0	0	0	3268394	0	0	0	0
0	0	0	0	117374	0	0	0
0	0	0	557026	0	0	0	0
0	0	0	0	191090	0	0	0
98618	0	0	0	0	0	0	0
0	0	0	105394	0	0	0	0
115470	0	0	0	0	0	0	0
17171692	0	0	0	0	0	0	0
0	0	0	346734	0	0	0	0
0	0	0	0	102250	0	0	0
106612	0	0	0	0	0	0	0
0	0	0	450346	0	0	0	0
221886	0	0	0	0	0	0	0
222946	0	0	0	0	0	0	0
97208	0	0	0	0	0	0	0
118216	0	0	0	0	0	0	0
0	0	0	0	0	0	0	2607650
0	0	0	0	73322	0	0	0
127922	0	0	0	0	0	0	0
102984	0	0	0	0	0	0	0
0	0	114346	0	0	0	0	0
0	0	0	117486	0	0	0	0
70868	0	0	0	0	0	0	0
201624	0	0	0	0	0	0	0
0	16047678	0	0	0	0	0	0
0	0	0	81458	0	0	0	0
0	0	0	0	101242	0	0	0
0	0	0	0	113270	0	0	0
78140	0	0	0	0	0	0	0
0	0	0	0	102394	0	0	0
0	0	0	0	130034	0	0	0
102400	0	0	0	0	0	0	0
0	0	0	0	0	0	0	3010286
0	0	0	0	97914	0	0	0
0	0	0	0	0	0	0	9793378
0	0	0	0	118510	0	0	0
104606	0	0	0	0	0	0	0
0	0	0	0	142306	0	0	0
0	0	0	0	76662	0	0	0
0	0	0	0	0	0	0	11365170
0	0	0	0	0	0	0	19999422
110064	0	0	0	0	0	0	0
0	0	0	0	315262	0	0	0
6431980	0	0	0	0	0	0	0
117966	0	0	0	0	0	0	0
0	0	0	0	0	0	0	2789094
0	0	0	0	76662	0	0	66514546
0	0	0	0	113662	0	0	0
0	0	0	1449978	0	0	0	0
0	0	0	0	503414	0	0	0
0	0	257774	0	0	0	0	0
111004	0	0	0	0	0	0	0
0	0	0	0	106482	0	0	0
0	0	0	0	85998	0	0	0
1411834	0	0	0	0	0	0	0
0	0	0	106042	0	0	0	0
79020	0	0	0	0	0	0	0
22633236	0	0	0	0	0	0	0
0	0	1867690	0	0	0	0	0
117276	0	0	0	0	0	0	0
0	0	0	0	121838	0	0	0
0	0	0	0	0	0	0	4733874
0	0	0	0	0	0	0	3301222
0	0	0	183986	0	0	0	0
0	0	0	1416886	0	0	0	0
0	0	0	0	134882	0	0	0
0	0	0	89718	0	0	0	0
0	0	0	0	10625010	0	0	0
0	0	0	0	0	0	0	5798590
0	0	0	0	81654	0	0	0
0	0	0	84798	0	0	0	0
107868	0	0	0	0	0	0	0
15429948	15473470	0	0	0	0	0	15457086
132952	0	0	0	0	0	0	0
0	0	0	0	0	0	0	141946
0	0	0	0	114430	0	0	0
152080	0	0	0	0	0	0	0
155216	0	0	0	0	0	0	0
213540	0	0	0	0	0	0	0
0	0	0	0	43024106	0	0	297782
69614	0	0	0	0	0	0	0
81530	0	0	0	0	0	0	0
149796	0	0	0	0	0	0	0
0	0	0	0	14006898	0	0	0
0	0	0	126762	0	0	0	0
0	0	0	0	0	0	0	13003382
0	0	0	106018	0	0	0	0
0	0	0	0	0	0	0	1010354
89168	0	0	0	0	0	0	0
0	0	0	130942	0	0	0	0
0	0	1252322	0	0	0	0	0
0	0	0	0	85886	0	0	0
94524	0	0	0	0	0	0	0
0	0	0	13147682	0	0	0	0
74630	0	0	0	0	0	0	0
2710920	0	0	0	0	0	0	0
0	0	0	0	125554	0	0	0
0	0	77502	0	0	0	0	0
0	0	0	0	0	0	0	871418
0	0	0	188158	0	0	0	0
0	0	0	4377518	0	0	0	0
148320	0	0	0	0	0	0	0
0	0	0	114358	0	0	0	0
0	0	113398	0	0	0	0	0
0	0	0	0	0	0	0	2673658
0	0	0	76462	0	0	0	0
0	0	0	0	101242	0	0	0
106496	0	0	0	0	0	0	0
0	0	0	0	114430	0	0	0
0	0	0	159334	0	0	0	0
0	0	0	0	105066	0	0	0
0	0	0	73398	0	0	0	0
0	0	0	0	129786	0	0	0
0	0	0	0	88694	0	0	0
75620	0	0	0	0	0	0	0
172976	0	3309550	3312162	0	0	0	0
0	0	0	93034	0	0	0	0
1854856	0	0	0	0	0	0	0
83182	0	0	0	0	0	0	0
119100	0	0	0	0	0	0	0
7059614	0	0	0	0	0	0	3926718
0	0	0	101350	0	0	0	0
0	0	0	0	0	0	0	1387430
1255266	0	0	0	0	0	0	0
114058	0	0	0	0	0	0	0
0	0	0	0	93938	0	0	0
0	0	0	0	0	0	0	478830
132944	0	0	0	0	0	0	0
0	0	0	0	0	0	0	12335806
67478448	0	0	114530	0	0	0	0
115470	0	0	0	0	0	0	0
91250	0	0	0	0	0	0	0
0	0	0	97190	0	0	0	0
5126232	0	0	0	0	0	0	0
0	0	0	0	158318	0	0	0
0	0	0	0	102250	0	0	0
0	0	0	0	0	0	0	20843042
0	0	0	0	0	0	0	670330
0	0	0	109498	0	0	0	0
147924	0	0	0	0	0	0	0
0	0	0	0	93178	0	0	0
106302	0	0	0	0	0	0	0
213622	0	0	0	0	0	0	0
0	0	0	0	0	0	0	8048366
5240360	0	0	0	0	0	0	0
0	0	0	147006	0	0	0	0
0	0	0	81590	0	0	0	0
0	0	0	0	0	0	0	1240690
0	0	0	97190	0	0	0	0
0	0	0	0	0	0	0	1395234
132962	0	0	0	0	0	0	0
80030	0	0	0	0	0	0	0
0	0	0	0	0	0	0	2075454
0	0	0	0	2947938	0	0	0
0	0	0	0	0	0	0	14412478
0	0	0	69546	0	0	0	0
0	0	0	0	84982	0	0	0
9600242	0	0	0	0	0	0	0
0	0	0	166434	0	0	0	0
479546	0	0	0	0	0	0	0
0	0	0	163510	0	0	0	0
0	0	0	6769518	0	0	0	0
0	0	0	1657698	0	0	0	0
812772	0	0	0	0	0	0	0
0	0	0	662458	0	0	0	0
0	0	0	0	118510	0	0	0
116962	0	0	0	0	0	0	0
0	0	0	0	94202	0	0	0
0	0	0	0	0	0	0	637758
0	0	0	0	88694	0	0	0
0	0	0	0	130034	0	0	0
0	0	121850	0	0	0	0	0
87800	0	0	0	0	0	0	0
0	0	0	0	0	0	0	18304866
0	0	0	0	85606	0	0	0
0	0	0	73270	0	0	0	0
0	0	0	0	118654	0	0	0
121352	0	0	0	0	0	0	0
8685246	0	0	0	0	0	0	0
148716	0	0	0	0	0	0	129346082
0	0	134890	0	0	0	0	0
136088	0	0	0	0	0	0	0
0	0	0	126578	0	0	0	0
0	0	0	0	0	0	0	2248430
0	0	0	0	106090	0	0	0
0	0	0	0	101346	0	0	0
1315130	0	0	0	0	0	0	0
66168	0	0	0	0	0	0	0
0	0	0	302010	0	0	0	0
79020	0	0	0	0	0	0	0
0	0	0	97142	0	0	0	0
0	0	0	0	216054	0	0	0
11843112	0	0	0	0	0	0	0
0	0	13336294	0	0	0	0	0
0	0	0	0	139250	0	0	0
0	0	0	0	102010	0	0	0
0	0	0	88874	0	0	0	0
110278	0	0	0	0	0	0	0
0	0	0	0	151142	0	0	0
0	0	0	1350458	0	0	0	0
0	0	0	0	89830	0	0	0
0	0	0	0	80502	0	0	0
0	0	0	0	0	0	0	2391026
103976	0	0	0	0	0	0	0
0	10280830	0	0	0	0	0	0
0	0	0	110502	0	0	0	0
0	0	0	0	151534	0	0	0
0	0	0	0	0	0	0	2603710
0	0	0	0	0	0	0	26025582
0	0	0	0	90110	0	0	0
0	0	0	125802	0	0	0	0
0	15366910	0	0	0	0	0	0
0	0	0	69614	0	0	0	0
0	0	0	10570606	0	0	0	0
0	0	0	18500462	0	0	0	0
0	0	0	0	0	0	0	855782
0	0	0	2060010	0	0	0	0
0	0	0	327350	0	0	0	0
0	0	0	138042	0	0	0	0
122880	0	0	0	0	0	0	0
0	0	0	0	105066	0	0	0
1676970	0	0	0	0	0	0	0
0	0	0	0	211682	0	0	0
71838	0	0	0	0	0	0	0
0	0	0	129910	0	0	0	0
0	0	0	0	106482	0	0	0
20440962	0	0	0	0	0	0	0
90936	0	0	0	0	0	0	0
101598	0	0	0	0	0	0	0
0	0	0	0	0	0	0	5106210
0	0	0	0	84838	0	0	0
0	0	0	0	0	0	0	1620670
214396	0	0	0	0	0	0	0
0	0	0	93862	0	0	0	111803198
90308	0	0	0	0	0	0	0
0	0	84658	0	0	0	0	0
0	0	0	0	0	0	0	1493938
148088	0	0	0	0	0	0	0
0	0	0	0	285302	0	0	0
3811484	0	0	0	0	0	0	0
0	0	0	0	1379050	0	0	0
16131308	0	0	0	0	0	0	0
134852	0	0	0	0	0	0	0
0	0	0	0	81650	0	0	0
0	0	0	0	76390	0	0	0
105866	0	0	0	0	0	0	0
0	0	0	170930	0	0	0	0
0	0	0	0	98154	0	0	0
95154	0	0	0	0	0	0	0
0	0	0	0	130034	0	0	0
81606	0	0	0	0	0	0	0
181484	0	0	0	0	0	0	0
102086	0	0	0	0	0	0	0
0	0	0	0	0	0	0	900786
0	0	0	0	133746	0	0	0
116580	0	0	0	0	0	0	0
114058	0	0	0	0	0	0	0
0	0	0	0	0	0	0	3414970
0	0	77754	0	0	0	0	0
85702	0	0	0	0	0	0	0
0	0	0	0	154366	0	0	0
0	0	0	0	118654	0	0	0
148402	0	0	0	0	0	0	0
84442	0	0	0	0	0	0	0
126032	0	0	0	0	0	0	0
138002	0	0	0	0	0	0	0
0	0	0	0	0	0	0	404002
83496	0	0	0	0	0	0	0
0	0	0	0	1309290	0	0	0
0	0	0	105406	0	0	0	0
0	0	0	659246	0	0	0	0
15596308	0	0	0	0	0	0	0
0	0	93886	0	0	0	0	0
22865448	0	0	0	0	0	0	0
100196	0	0	0	0	0	0	0
0	0	0	72634	0	0	0	0
0	0	0	0	0	0	0	1596966
130442	0	0	0	0	0	0	0
0	0	0	0	0	0	0	5114682
121620	0	0	0	0	0	0	0
0	0	0	0	0	0	0	2907826
2489108	0	0	0	0	0	0	0
100196	0	0	0	0	0	0	0
0	0	0	0	80894	0	0	0
101456	0	0	0	0	0	0	0
6121946	0	0	0	0	0	0	0
0	0	0	0	6003706	0	0	0
127922	0	0	0	0	0	0	0
1032192	1043438	1052662	1043426	0	0	0	0
0	0	0	0	80502	0	0	0
368008	0	0	0	0	0	0	0
0	0	0	0	81766	0	0	0
281364	0	0	0	0	0	0	0
84756	0	0	0	0	0	0	0
149346	0	0	0	0	0	0	0
613768	0	0	0	0	0	0	0
0	0	0	0	401258	0	0	0
0	0	2006974	0	0	0	0	0
103032	0	0	0	0	0	0	0
0	0	0	0	98170	0	0	0
0	18811902	0	0	0	0	0	0
0	0	0	0	0	0	0	1388538
153126	0	0	0	0	0	0	0
0	0	0	511982	0	0	0	0
0	0	81570	0	0	0	0	0
0	536446	0	0	0	0	0	0
0	0	0	0	0	0	0	14499762
0	0	0	0	359018	0	0	0
120990	0	0	0	0	0	0	0
0	0	0	0	0	0	0	826922
0	0	0	0	0	0	0	880558
0	0	0	92846	0	0	0	0
81920	0	0	0	0	0	0	0
0	0	0	0	118766	0	0	0
101456	0	0	0	0	0	0	0
363598	0	0	0	0	0	0	0
0	0	0	0	0	0	0	2170726
0	0	0	0	76670	0	0	0
80030	0	0	0	0	0	0	0
0	0	0	0	0	0	0	8625706
0	0	0	0	0	0	0	6773438
0	0	2382838	0	0	0	0	0
239774	0	0	0	0	0	0	0
0	0	0	0	77554	0	0	0
0	0	0	0	117502	0	0	0
0	0	0	0	0	0	0	3009066
0	0	0	0	109434	0	0	0
0	0	372394	0	0	0	0	0
148086	0	0	0	0	0	0	0
0	0	2141102	0	0	0	0	0
0	0	0	0	98026	0	0	0
214884	0	0	0	0	0	0	0
0	0	0	0	2595434	0	0	0
0	0	0	0	0	0	0	17128998
182116	0	0	0	0	0	0	0
0	0	0	0	12455650	0	0	0
0	0	0	0	2099826	0	0	0
0	0	0	0	0	0	0	358954
0	0	0	0	0	0	0	6430590
0	0	0	0	0	0	0	3504830
0	0	0	0	0	0	0	4811574
0	0	0	0	0	0	0	4426674
0	0	0	0	12770158	0	0	0
7911580	0	0	0	0	0	0	0
0	0	0	106170	0	0	0	0
1975532	0	0	0	0	0	0	0
0	0	0	0	89974	0	0	0
0	0	0	88690	0	0	0	0
0	0	0	158690	0	0	0	0
0	0	0	0	1035006	0	0	0
14363988	0	0	0	0	0	0	0
0	0	0	0	81762	0	0	0
0	0	0	0	249726	0	0	0
146512	0	0	0	0	0	0	0
111538	0	0	0	0	0	0	0
0	0	0	7031658	0	0	0	0
0	0	0	0	0	0	0	293498
0	0	0	0	89830	0	0	0
0	0	0	0	0	0	0	16415350
0	0	0	0	158714	0	0	0
0	0	0	0	147186	0	0	0
0	0	0	0	84982	0	0	0
0	0	0	89022	0	0	0	0
0	0	0	0	0	0	0	1428002
170394	0	0	0	0	0	0	0
0	0	0	0	93162	0	0	0
0	0	0	0	0	0	0	7392998
93444	0	0	0	0	0	0	0
0	0	0	0	85606	0	0	0
0	0	0	0	138234	0	0	0
75884	0	0	0	0	0	0	0
0	0	0	130942	0	0	0	0
0	0	0	0	1014374	0	0	0
123896	0	0	0	0	0	0	0
116022	0	0	0	0	0	0	0
0	0	0	77366	0	0	0	0
140164	0	0	0	0	0	0	0
0	0	0	0	110462	0	0	0
0	0	0	0	0	0	0	96802
105360	0	0	0	0	0	0	0
0	155518	0	0	0	0	0	0
0	0	0	0	118654	0	0	0
0	0	184058	0	0	0	0	0
0	0	0	0	8945510	0	0	0
0	0	0	0	3607522	0	0	0
0	0	0	105126	0	0	0	0
101598	0	0	0	0	0	0	0
0	0	0	0	97018	0	0	0
0	0	0	633774	0	0	0	0
0	0	0	0	154342	0	0	0
0	0	0	0	77558	0	0	0
183438	0	0	0	0	0	0	0
0	0	0	0	182910	0	0	0
0	0	0	0	1584886	0	0	0
0	0	0	0	0	0	0	3542638
0	0	0	143334	0	0	0	0
77766	0	0	0	0	0	0	0
84038	0	0	0	0	0	0	0
158980	0	0	0	0	0	0	0
0	0	0	0	121838	0	0	0
100488	0	0	0	0	0	0	0
233610	0	0	0	0	0	0	0
121710	0	0	0	0	0	0	0
1224800	0	0	0	0	0	0	0
107128	0	0	0	0	0	0	0
0	0	0	0	0	0	0	7346878
102086	0	0	0	0	0	0	0
154276	0	0	0	0	0	0	0
0	0	0	0	84982	0	0	0
194728	0	0	0	0	0	0	0
0	0	0	4583210	0	0	0	0
0	0	0	0	118654	0	0	0
0	0	0	0	139106	0	0	0
0	0	0	0	0	0	0	4684602
109750	0	0	0	0	0	0	0
85072	0	0	0	0	0	0	0
0	0	0	0	84982	0	0	0
91686	0	0	0	0	0	0	0
4287252	0	0	0	0	0	0	0
0	0	0	84910	0	0	0	0
84978	0	0	0	0	0	0	0
0	0	0	0	0	0	0	2456182
0	0	0	14634542	0	0	0	0
0	0	0	580398	0	0	0	0
0	0	0	0	110574	0	0	0
0	0	0	0	0	0	0	854842
0	0	0	0	0	0	0	6376054
85920	0	0	0	0	0	0	0
0	0	0	93862	0	0	0	0
0	3206894	0	0	0	0	0	0
425354	0	0	0	0	0	0	0
0	0	0	0	106346	0	0	0
0	0	0	0	102010	0	0	0
4761552	0	0	0	0	0	0	0
119836	0	0	0	0	0	0	0
109124	0	0	0	0	0	0	0
0	0	0	0	118654	0	0	0
134834	0	0	0	0	0	0	0
171328	0	0	0	0	0	0	0
0	0	0	0	76658	0	0	0
166362	0	0	0	0	0	0	0
0	0	0	88874	0	0	0	0
115950	0	0	0	0	0	0	0
0	0	0	0	3496678	0	0	0
0	0	0	0	73714	0	0	0
0	0	0	0	0	0	0	293690
0	0	72358	0	0	0	0	0
0	0	0	117482	0	0	0	0
0	0	0	0	0	0	0	1133370
0	0	0	0	113662	0	0	0
85072	0	0	0	0	0	0	0
0	0	0	147254	0	0	0	0
83182	0	0	0	0	0	0	0
875912	0	0	0	0	0	0	0
138632	0	0	0	0	0	0	0
0	0	0	0	80610	0	0	0
0	0	0	131062	0	0	0	0
0	0	0	4950562	0	0	0	0
0	0	0	129978	0	0	0	0
0	0	0	68462	0	0	0	0
0	0	0	117282	0	0	0	0
0	0	0	0	6306418	0	0	0
6612836	0	0	0	0	0	0	0
0	0	0	0	81890	0	0	0
7996022	0	0	0	0	0	0	0
0	0	0	0	0	0	0	5910126
158168	0	0	0	0	0	0	0
0	0	0	0	0	0	0	1642478
0	0	0	663542	0	0	0	0
733438	0	0	0	0	0	0	0
0	0	0	97010	0	0	0	0
0	0	0	0	0	0	0	946018
0	0	0	163710	0	0	0	0
69316	0	0	0	0	0	0	0
0	0	0	0	93802	0	0	0
68058	0	0	0	0	0	0	0
112168	0	0	0	0	0	0	0
0	0	0	0	204394	0	0	0
14100008	0	0	0	96874	0	0	0
145808	0	0	0	0	0	0	0
5247290	0	0	0	0	0	0	0
0	0	0	0	93034	0	0	0
0	0	0	163830	0	0	0	0
75934	0	0	0	0	0	0	0
0	0	0	0	92922	0	0	0
0	0	0	0	0	0	0	2543146
275692	0	0	0	0	0	0	0
0	0	4406198	0	0	0	0	0
0	0	0	0	0	0	0	16091682
0	0	0	0	142962	0	0	0
0	0	0	0	84982	0	0	0
0	0	0	0	93162	0	0	0
0	0	0	0	129890	0	0	0
0	0	0	133666	0	0	0	0
2158278	0	0	0	0	0	0	0
0	0	0	69426	0	0	0	0
0	0	0	0	80894	0	0	0
0	0	85934	0	0	0	0	0
0	0	0	0	3342322	0	0	0
83810	0	0	0	0	0	0	0
0	0	0	0	80758	0	0	0
119100	0	0	0	0	0	0	0
0	0	0	0	81894	0	0	0
0	0	0	0	118510	0	0	0
0	0	0	102062	0	0	0	0
0	0	8314802	8313470	0	0	0	0
0	0	0	0	121838	0	0	0
161318	0	0	0	0	0	0	0
98936	0	0	0	0	0	0	0
0	0	0	11238142	0	0	0	0
114688	0	0	0	0	0	0	0
102716	0	0	0	0	0	0	0
0	0	0	0	0	0	0	8051510
0	0	0	0	137970	0	0	0
0	0	0	0	0	0	0	16121386
0	0	0	0	0	0	0	22150066
0	0	0	0	84982	0	0	0
95154	0	0	0	0	0	0	0
0	0	0	77734	0	0	0	0
0	0	0	69374	0	0	0	0
0	0	0	0	129890	0	0	0
0	0	0	0	93158	0	0	0
0	171886	0	0	0	0	0	0
97208	0	0	0	0	0	0	0
0	0	0	0	85606	0	0	0
0	0	0	0	106090	0	0	0
141106	0	0	0	0	0	0	0
0	0	0	0	88694	0	0	0
63646	0	0	0	0	0	0	0
131384	0	0	0	0	0	0	0
0	0	0	0	80750	0	0	0
0	0	0	0	102114	0	0	0
0	0	0	0	89974	0	0	0
0	0	0	89646	0	0	0	0
0	0	0	0	6119286	0	0	6147066
0	0	0	273058	0	0	0	0
4734344	0	0	0	0	0	0	0
84978	0	0	0	0	0	0	0
132332	0	0	0	0	0	0	0
110278	0	0	0	0	0	0	0
0	0	0	81470	0	0	0	0
0	0	0	0	84982	0	0	0
0	0	0	0	0	0	0	1452650
0	0	0	0	118510	0	0	0
57079336	0	0	211826	0	0	0	57105086
0	0	0	0	0	0	0	810942
92634	0	0	0	0	0	0	0
0	0	0	0	237162	0	0	0
0	0	0	0	0	0	0	858866
85920	0	0	0	0	0	0	0
0	0	0	138806	0	0	0	0
0	0	0	1482302	0	0	0	0
0	0	0	0	101242	0	0	0
0	0	0	0	93178	0	0	0
0	0	0	76330	0	0	0	0
0	0	0	208806	0	0	0	0
0	0	0	0	101114	0	0	0
312556	0	0	0	0	0	0	0
0	0	0	0	80758	0	0	0
0	0	0	0	110462	0	0	0
132962	0	0	0	0	0	0	0
0	0	0	0	0	0	0	19476206
165732	0	0	0	0	0	0	0
224336	0	0	0	0	0	0	0
0	0	0	0	1138662	0	0	0
103976	0	0	0	0	0	0	0
0	0	0	0	0	0	0	92706
160688	0	0	0	0	0	0	0
8452884	0	0	0	0	0	0	0
0	0	0	1240046	0	0	0	0
141154	0	0	0	0	0	0	0
0	0	0	0	868194	0	0	0
767528	0	0	0	0	0	0	0
0	0	0	0	93802	0	0	0
0	0	0	0	273134	0	0	0
120990	0	0	0	0	0	0	0
0	0	0	0	134882	0	0	0
0	0	0	0	121838	0	0	0
0	0	0	0	80502	0	0	0
0	0	0	0	114286	0	0	0
0	0	0	0	0	0	0	903998
0	0	0	0	100978	0	0	0
1805392	1808958	1801970	0	0	0	0	0
0	0	0	0	94202	0	0	0
0	0	0	0	219766	0	0	0
0	0	0	0	0	0	0	2784058
0	0	0	0	117502	0	0	0
0	0	0	13482550	0	0	0	0
0	0	0	0	4374374	0	0	0
7946788	0	0	0	0	0	0	0
86962	0	0	0	0	0	0	0
90112	0	0	0	0	0	0	0
0	0	0	0	126970	0	0	0
477026	0	0	0	0	0	0	0
0	0	0	0	252910	0	0	0
0	0	0	0	0	0	0	192106
0	0	0	0	141922	0	0	0
105236	0	0	0	0	0	0	0
120676	0	0	0	0	0	0	0
0	0	0	0	85606	0	0	0
2629000	0	0	0	0	0	0	0
161320	0	0	0	0	0	0	107409254
0	0	0	0	339698	0	0	0
15738136	0	0	0	0	0	0	0
0	0	0	0	0	0	0	6258602
0	0	0	0	0	0	0	4738034
0	0	0	0	494314	0	0	0
148402	0	0	0	0	0	0	0
0	0	0	84714	0	0	0	0
0	0	0	0	13888114	0	0	0
0	0	0	0	0	0	0	5175842
0	0	0	0	0	0	0	4012858
0	0	0	0	1461238	0	0	0
0	0	0	97854	0	0	0	0
0	0	0	0	3960422	0	0	0
0	0	0	77614	0	0	0	0
0	0	0	0	105466	0	0	0
0	0	0	0	0	0	0	25709562
226224	0	0	0	0	0	0	0
0	0	0	110502	0	0	0	0
98304	0	0	0	0	0	0	0
0	0	0	0	191090	0	0	0
0	0	0	0	3427942	0	0	0
107758	0	0	0	0	0	0	0
117210	0	0	0	0	0	0	0
107758	0	0	0	0	0	0	0
68686	0	0	0	0	0	0	0
0	0	0	0	0	0	0	110506
0	0	0	73398	0	0	0	0
0	0	0	0	88694	0	0	0
83812	0	0	0	0	0	0	0
0	0	0	0	0	0	0	133666
0	0	0	0	85886	0	0	0
0	0	0	0	85606	0	0	5005050
0	0	0	0	110438	0	0	0
0	0	0	0	1503202	0	0	0
0	0	0	0	81766	0	0	0
0	0	0	0	114286	0	0	0
79020	0	0	0	0	0	0	0
0	0	0	0	81766	0	0	0
0	0	0	0	117374	0	0	0
0	0	2527146	2518630	0	0	0	0
67416	0	0	0	0	0	0	0
79020	0	0	0	0	0	0	0
0	0	0	109230	0	0	0	0
0	0	0	1452706	0	0	0	0
0	0	0	0	77558	0	0	0
132962	0	0	0	0	0	0	0
0	0	0	84846	0	0	0	0
141784	0	0	0	0	0	0	0
7371540	0	0	0	0	0	0	0
0	0	0	150050	0	0	0	0
0	0	0	0	0	0	0	6328038
0	0	0	0	187134	0	0	0
109332	0	0	0	0	0	0	0
0	0	0	0	0	0	0	818730
0	0	0	106038	0	0	0	0
127310	0	0	0	0	0	0	78974694
0	0	0	105086	105066	0	0	0
0	0	0	0	89974	0	0	0
122880	0	0	0	0	0	0	0
0	0	0	0	0	0	0	3886074
0	0	0	0	0	0	0	24223270
0	0	0	0	0	0	0	858934
0	0	0	122622	0	0	0	0
0	0	1756918	0	0	0	0	0
0	0	0	0	109294	0	0	0
0	0	0	113594	0	0	0	0
0	0	0	0	88694	0	0	0
0	0	0	0	73570	0	0	0
100826	0	0	0	0	0	0	0
0	0	0	0	97018	0	0	0
0	0	0	113206	0	0	0	0
131702	0	0	0	0	0	0	0
97990	0	0	0	0	0	0	0
0	0	0	0	131058	0	0	0
0	0	0	0	0	0	0	4041250
77508	0	0	0	0	0	0	0
67426	0	0	0	0	0	0	0
0	0	0	81718	0	0	0	0
105236	0	0	0	0	0	0	0
0	0	0	0	113662	0	0	0
82552	0	0	0	0	0	0	0
88852	0	0	0	0	0	0	0
0	0	0	2190314	0	0	0	0
76512	0	0	0	0	0	0	0
0	0	0	0	88806	0	0	0
0	0	0	0	461794	0	0	0
1677786	0	0	0	0	0	0	0
0	0	0	207402	0	0	0	0
0	0	0	4868962	0	0	0	0
0	0	0	151142	0	0	0	0
472302	0	0	0	0	0	0	0
0	0	0	0	113526	0	0	0
120412	0	0	0	0	0	0	0
173514	0	0	0	0	0	0	0
112258	0	0	0	0	0	0	0
0	0	0	0	92898	0	0	0
0	0	0	0	544502	0	0	0
0	0	0	0	0	0	0	203298
0	0	0	0	114286	0	0	0
0	0	0	0	97018	0	0	0
13555966	0	0	0	0	0	0	0
0	0	0	0	0	0	0	523818
0	0	0	0	0	0	0	539326
427708	0	0	0	0	0	0	0
0	0	0	89910	0	0	0	0
83180	0	0	0	0	0	0	0
0	0	0	0	85750	0	0	0
2634672	0	0	0	0	0	0	0
0	0	0	0	0	0	0	4877114
0	0	0	77734	0	0	0	0
0	0	0	0	819062	0	0	0
0	0	0	0	118766	0	0	0
0	0	0	0	81654	0	0	0
0	0	0	88874	0	0	0	0
132326	0	0	0	0	0	0	0
0	0	0	0	0	0	0	2792250
0	0	0	0	0	0	0	835114
0	0	0	0	101098	0	0	0
127310	0	0	0	0	0	0	0
0	0	0	104999658	163562	0	0	0
0	0	0	97142	0	0	0	0
0	0	0	77614	0	0	0	0
156910	0	0	0	0	0	0	0
0	0	0	2742910	0	0	0	0
0	0	0	114614	0	0	0	0
0	0	0	0	0	0	0	1882746
0	0	0	0	0	0	0	14729130
0	0	0	0	81766	0	0	0
142046	0	0	0	0	0	0	0
0	0	0	0	322554	0	0	0
0	0	0	0	170602	0	0	0
301968	0	0	0	0	0	0	0
121086	0	0	0	0	0	0	0
2020904	0	0	0	0	0	0	0
0	0	0	0	96874	0	0	0
102852	0	0	0	0	0	0	0
0	0	0	0	113658	0	0	0
124772	0	0	0	0	0	0	0
98936	0	0	0	0	0	0	0
137372	0	0	0	0	0	0	0
0	0	0	0	2350718	0	0	0
0	0	0	0	101346	0	0	0
0	0	0	105394	0	0	0	0
94072	0	0	0	0	0	0	0
0	0	0	0	14502902	0	0	0
0	0	0	0	0	0	0	6815274
0	0	0	0	0	0	0	4766514
108072	0	0	0	0	0	0	0
0	0	0	88702	0	0	0	0
0	0	0	0	0	0	0	18103090
0	0	0	0	77430	0	0	0
0	0	0	0	0	0	0	5529518
0	0	0	0	101098	0	0	0
190938	0	0	0	0	0	0	0
0	0	0	113526	0	0	0	0
0	0	0	142958	0	0	0	0
0	0	0	0	77554	0	0	0
0	0	0	0	117502	0	0	0
0	0	0	0	118374	0	0	0
3157384	0	0	0	0	0	0	0
0	0	0	0	2002938	0	0	0
123512	0	0	0	0	0	0	0
0	0	0	0	1923702	0	0	0
0	0	0	105274	0	0	0	0
8527240	0	0	0	0	0	0	0
0	0	0	0	0	0	0	6290354
11359782	0	0	0	0	0	0	0
0	0	0	0	0	0	0	3435442
0	0	0	0	150518	0	0	0
1370586	0	0	0	0	0	0	0
169512	0	0	0	0	0	0	0
1296858	0	0	0	0	0	0	0
2796622	0	0	0	0	0	0	2825774
122250	0	0	0	0	0	0	0
6448994	0	0	0	0	0	0	0
125402	0	0	0	0	0	0	0
0	0	0	0	89974	0	0	0
132332	0	0	0	0	0	0	0
0	0	0	0	90086	0	0	0
0	0	0	0	0	0	0	600694
109018	0	0	0	0	0	0	0
0	0	0	0	85750	0	0	0
87800	0	0	0	0	0	0	0
0	0	0	93810	0	0	0	0
0	0	0	0	109438	0	0	0
0	0	0	0	0	0	0	3415714
0	23890478	0	0	0	0	0	0
0	0	0	0	84982	0	0	0
0	0	0	0	102394	0	0	128876142
0	0	0	0	114430	0	0	0
0	0	0	0	0	0	0	2304934
3551862	0	0	0	0	0	0	0
0	0	0	0	195426	0	0	0
0	0	0	0	0	0	0	4108006
144620	0	0	0	0	0	0	0
0	0	0	0	0	0	0	4512690
0	0	0	770038	0	0	0	0
0	0	0	183086	0	0	0	0
0	0	0	0	125666	0	0	0
704828	0	0	0	0	0	0	45878266
0	0	0	0	81766	0	0	0
127310	0	0	0	0	0	0	0
75570	0	0	0	0	0	0	0
0	0	0	0	106482	0	0	0
0	0	0	0	0	0	0	5122750
0	0	0	0	200562	0	0	0
0	0	0	0	0	0	0	12671998
483328	0	0	0	0	0	0	0
0	0	0	0	285302	0	0	0
0	0	0	0	203506	0	0	0
120412	0	0	0	0	0	0	0
0	0	0	0	0	0	0	4017146
85386	0	0	0	0	0	0	0
0	0	0	0	126706	0	0	0
0	0	0	0	113518	0	0	0
0	477934	479146	0	0	0	0	0
0	0	0	0	117614	0	0	0
0	0	0	0	0	0	0	1724262
0	0	0	0	97018	0	0	0
20867728	0	0	0	0	0	0	0
77450	0	0	0	0	0	0	0
0	0	0	0	0	0	0	4692514
0	0	0	0	90086	0	0	0
0	0	0	1662838	0	0	0	0
0	0	0	4168626	0	0	0	0
0	0	0	0	97914	0	0	0
114688	0	0	0	0	0	0	0
0	0	0	0	126946	0	0	0
134852	0	0	0	0	0	0	0
0	0	0	98294	0	0	0	0
122294	0	0	0	0	0	0	0
0	0	0	117602	0	0	0	0
0	0	0	138934	0	0	0	0
0	0	0	0	110434	0	0	82456418
0	0	0	0	199282	0	0	0
0	101230	0	0	0	0	0	0
117840	0	0	0	0	0	0	0
0	0	0	88822	0	0	0	0
0	0	0	0	85750	0	0	0
0	0	0	0	0	0	0	18636714
0	0	0	0	113662	0	0	0
138002	0	0	0	0	0	0	0
0	0	0	129778	0	0	0	0
2554644	0	0	0	0	0	0	0
0	0	0	0	85606	0	0	0
172462	0	0	0	0	0	0	0
0	0	0	0	88806	0	0	0
119838	0	0	0	0	0	0	0
0	0	0	106274	0	0	0	0
85292	0	0	0	0	0	0	0
97368	0	0	0	0	0	0	0
0	0	0	0	0	0	0	883634
0	0	0	0	221046	0	0	0
114532	0	0	0	0	0	0	0
0	0	0	80566	0	0	0	0
0	0	0	0	89974	0	0	0
0	0	0	0	98154	0	0	0
0	0	0	0	139250	0	0	0
0	0	0	4946550	0	0	0	0
93892	0	0	0	0	0	0	0
9473246	0	0	0	0	0	0	0
0	0	0	0	0	0	0	4196898
0	0	0	113274	0	0	0	0
0	0	0	0	0	0	0	2579254
0	0	0	0	0	0	0	17874858
0	0	0	0	184190	0	0	0
0	0	0	0	113662	0	0	0
0	0	0	0	106106	0	0	0
90112	0	0	0	0	0	0	0
0	0	0	0	0	0	0	354850
2346500	0	0	0	0	0	0	0
0	0	0	0	0	0	0	191010
0	0	0	0	93938	0	0	0
0	0	0	0	9771618	0	0	0
86758	0	0	0	0	0	0	0
99716	0	0	0	0	0	0	0
86758	0	0	0	0	0	0	0
0	0	0	0	85606	0	0	0
108604	0	0	0	0	0	0	0
0	0	0	84590	0	0	0	0
0	0	0	0	188414	0	0	0
0	0	0	0	212834	0	0	0
134206	0	0	0	0	0	0	0
0	0	0	0	97258	0	0	0
0	0	0	0	90086	0	0	0
0	0	0	88822	0	0	0	0
104734	0	0	0	0	0	0	0
5483178	0	0	0	0	0	0	0
3768790	0	0	0	0	0	0	0
0	0	0	96890	0	0	0	0
0	0	0	0	105066	0	0	0
0	0	0	0	0	0	0	8452918
0	0	0	0	879606	0	0	0
116648	0	0	0	0	0	0	0
0	0	0	0	8273894	0	0	0
1383816	0	0	0	0	0	0	0
0	0	0	0	142194	0	0	0
0	0	0	0	134882	0	0	0
0	0	0	65250	0	0	0	0
88428	0	0	0	0	0	0	0
0	0	0	101230	0	0	0	0
99566	0	0	0	0	0	0	0
0	0	0	0	141922	0	0	0
6289576	0	0	0	0	0	0	0
0	0	0	88698	0	0	0	0
0	0	0	0	102250	0	0	0
112572	0	0	0	0	0	0	0
0	0	0	0	93802	0	0	0
0	0	0	0	138234	0	0	0
131696	0	0	0	0	0	0	0
162744	0	0	0	0	0	0	0
0	0	0	77558	0	0	0	0
0	0	0	0	76658	0	0	0
0	1384318	0	0	0	0	0	0
160862	0	0	0	0	0	0	0
0	0	0	0	141922	0	0	0
0	0	5582574	0	0	0	0	5615462
0	0	0	0	129778	0	0	0
0	0	0	0	0	0	0	5275562
0	0	0	125922	0	0	0	0
326426	0	0	0	0	0	0	0
99242	0	0	0	0	0	0	0
77396	0	0	0	0	0	0	0
115950	0	0	0	0	0	0	0
0	0	0	0	101114	0	0	0
0	0	0	0	4386546	0	0	0
0	0	0	0	184190	0	0	0
0	0	0	2456438	0	0	0	0
22146758	0	0	0	0	0	0	0
0	0	0	0	109294	0	0	0
0	0	0	0	122878	0	0	0
127922	0	0	0	0	0	0	0
0	0	0	81590	0	0	0	0
0	10840622	0	0	0	0	0	0
0	0	0	166446	0	0	0	0
128552	0	0	0	0	0	0	0
0	0	0	0	133866	0	0	0
1909368	0	0	0	0	0	0	0
182114	0	0	0	0	0	0	0
4371064	0	0	0	0	0	0	0
0	0	0	0	88694	0	0	0
0	0	0	196598	0	0	0	0
163208	0	0	0	0	0	0	0
0	0	0	76462	0	0	0	0
0	0	0	0	118654	0	0	0
0	0	0	88702	0	0	0	0
0	0	0	8157746	0	0	0	0
69948	0	0	0	0	0	0	0
120046	0	0	0	0	0	0	0
0	0	0	2382770	0	0	0	0
105236	0	0	0	0	0	0	0
0	0	0	0	106346	0	0	0
0	0	0	9850670	0	0	0	0
157726	0	0	0	0	0	0	0
0	0	0	0	0	0	0	2330538
118590	0	0	0	0	0	0	0
0	0	0	0	81654	0	0	0
0	0	4726498	0	0	0	0	0
0	0	0	0	253678	0	0	0
0	0	0	0	4927218	0	0	0
4300292	0	0	0	0	0	0	0
0	0	0	0	1318762	0	0	0
82390	0	0	0	0	0	0	0
0	0	0	0	101354	0	0	0
0	0	0	0	186998	0	0	0
17039990	0	0	0	0	0	0	0
71494	0	0	0	0	0	0	0
127938	0	0	0	0	0	0	0
64288	0	0	0	0	0	0	0
0	0	0	0	117374	0	0	0
98462	0	0	0	0	0	0	0
0	0	0	0	0	0	0	1858554
0	0	0	0	81650	0	0	0
16783516	0	0	0	0	0	0	0
0	0	0	69246	0	0	0	0
85292	0	0	0	0	0	0	0
175600	0	0	0	0	0	0	0
0	0	0	0	494330	0	0	0
0	0	0	129698	0	0	0	0
129506	0	0	0	0	0	0	0
0	0	0	0	3422946	0	0	0
0	0	0	0	0	0	0	15817522
113514	0	0	0	0	0	0	0
0	0	0	0	0	0	0	6347698
0	0	0	0	8457194	0	0	0
0	0	0	1215158	0	0	0	0
0	0	0	0	0	0	0	200422
0	0	0	0	88694	0	0	0
69904	0	0	0	0	0	0	0
70868	0	0	0	0	0	0	0
79892	0	0	0	0	0	0	0
131698	0	0	0	0	0	0	0
1333296	0	0	0	0	0	0	0
243330	0	0	0	0	0	0	0
147376	0	0	0	0	0	0	0
0	0	0	0	5111794	0	0	0
0	0	0	0	106106	0	0	0
0	0	0	0	0	0	0	241390
0	0	0	0	0	0	0	920098
0	0	0	0	0	0	0	240162
129506	0	0	0	0	0	0	0
0	0	0	0	85606	0	0	0
0	0	0	0	73714	0	0	0
196922	0	0	0	0	0	0	0
0	0	0	0	94202	0	0	0
0	0	0	0	0	0	0	17723306
0	0	0	0	125554	0	0	0
0	0	0	0	0	0	0	3238518
0	0	0	0	77558	0	0	0
0	0	0	0	77554	0	0	0
0	0	0	0	90086	0	0	0
0	0	0	0	122878	0	0	0
0	0	0	110382	0	0	0	0
0	0	0	0	151142	0	0	0
0	0	0	0	81766	0	0	0
0	0	0	80826	0	0	0	0
80658	0	0	0	0	0	0	0
0	0	0	11529842	0	0	0	0
2683196	0	0	0	0	0	0	0
0	0	0	117602	0	0	0	0
0	0	0	0	0	0	0	13007866
2049802	0	0	0	0	0	0	0
74630	0	0	0	0	0	0	0
74990	0	0	0	0	0	0	0
0	0	0	0	0	0	0	946022
0	0	0	3968934	0	0	0	0
141784	0	0	0	0	0	0	0
0	0	0	72638	0	0	0	0
0	0	0	1330990	0	0	0	0
0	0	0	0	81894	0	0	0
0	0	0	0	122598	0	0	0
0	0	0	0	184190	0	0	0
0	0	0	0	0	0	0	154146
89996	0	0	0	0	0	0	1296930
122960	0	0	0	0	0	0	0
0	0	0	0	129778	0	0	0
93264	0	0	0	0	0	0	0
0	0	0	0	0	0	0	14831462
0	0	0	0	93162	0	0	0
0	0	0	0	85750	0	0	0
0	0	0	0	105466	0	0	0
131072	0	0	0	0	0	0	0
0	0	0	0	81518	0	0	0
68058	0	0	0	0	0	0	0
322010	0	0	0	0	0	0	0
145002	0	0	0	0	0	0	0
0	0	0	0	7376506	0	0	0
0	0	0	0	0	0	0	2019054
0	0	0	0	117614	0	0	0
0	0	0	0	0	0	0	3907106
0	0	0	0	158710	0	0	0
0	0	0	0	142962	0	0	0
0	0	0	130786	0	0	0	0
102716	0	0	0	0	0	0	0
69946	0	0	0	0	0	0	0
0	0	0	0	0	0	0	11721526
0	0	0	441274	0	0	0	0
87592	0	0	0	0	0	0	0
0	0	0	0	0	0	0	842546
115004	0	0	2271906	0	0	0	0
141732	0	0	0	0	0	0	0
0	0	0	0	105466	0	0	0
0	0	0	0	101114	0	0	0
0	0	0	0	229222	0	0	0
0	0	0	0	0	0	0	21416482
0	0	0	0	0	0	0	809906
0	0	0	0	81894	0	0	0
86960	0	0	0	0	0	0	0
0	0	0	0	0	0	0	846642
0	0	0	215786	0	0	0	0
0	0	0	0	143090	0	0	0
110908	0	0	0	0	0	0	0
0	0	0	106170	0	0	0	0
0	0	0	0	0	0	0	838650
0	0	0	0	106346	0	0	0
0	0	0	192422	0	0	0	0
173498	0	0	0	0	0	0	0
0	0	0	0	0	0	0	1096510
0	0	0	0	211826	0	0	0
0	1100718	0	0	0	0	0	0
0	0	0	0	113662	0	0	0
105864	0	0	0	0	0	0	0
112484	0	0	0	0	0	0	0
0	0	0	0	130034	0	0	0
0	0	0	0	94202	0	0	0
0	0	0	18713250	0	0	0	0
86962	0	0	0	0	0	0	0
0	0	0	0	114662	0	0	0
0	0	0	0	572266	0	0	0
0	0	0	1609510	0	0	0	0
0	0	4811494	146362	0	0	0	0
0	0	0	711282	0	0	0	0
112484	0	0	0	0	0	0	0
0	0	0	0	98154	0	0	0
0	0	0	0	117374	0	0	0
0	0	0	18070458	0	0	0	0
0	0	0	0	191090	0	0	0
304996	0	0	0	0	0	0	67649342
82552	0	0	0	0	0	0	0
136742	0	0	0	0	0	0	0
0	0	0	0	0	0	0	7790246
0	0	0	0	11279354	0	0	0
0	0	0	9845690	0	0	0	0
90112	0	0	0	0	0	0	0
1029672	0	0	0	0	0	0	0
0	0	0	113594	0	0	0	0
0	0	0	100910	0	0	0	0
0	0	0	0	13614074	0	0	0
0	0	0	0	15662066	0	0	0
123512	0	0	0	0	0	0	0
0	0	0	0	0	0	0	5476070
113428	0	0	0	0	0	0	0
0	0	0	0	142062	0	0	0
110278	0	0	0	0	0	0	0
0	0	0	0	0	0	0	1343014
163840	0	0	0	0	0	0	0
0	0	0	0	80750	0	0	0
0	0	0	100910	0	0	0	0
0	0	0	0	0	0	0	380842
0	0	0	0	85750	0	0	0
0	0	0	0	6990462	0	0	0
0	0	0	69426	0	0	0	0
127922	0	0	0	0	0	0	0
0	0	0	0	77558	0	0	0
0	0	0	0	0	0	0	4513406
345324	0	0	0	0	0	0	0
122880	0	0	0	0	0	0	0
0	0	0	0	3420138	0	0	0
0	0	0	0	0	0	0	850750
0	0	0	0	0	0	0	14543866
0	0	0	0	0	0	0	200370
119414	0	0	0	0	0	0	0
0	0	0	129910	0	0	0	0
0	0	0	0	0	0	0	18999998
0	0	5782442	0	25971702	0	0	25991998
0	0	0	0	0	0	0	10795710
0	0	0	92834	0	0	0	0
0	0	0	0	0	0	0	3836922
0	0	0	109350	0	0	0	0
129182	0	0	0	0	0	0	0
0	0	0	0	98026	0	0	0
0	0	0	0	97018	0	0	0
0	0	0	0	376430	0	0	0
85702	0	0	0	0	0	0	0
0	0	7167730	0	0	0	0	0
0	0	0	0	105066	0	0	0
133592	0	0	0	0	0	0	0
166360	0	0	0	0	0	0	0
0	0	0	0	105466	0	0	0
0	0	0	0	3026546	0	0	0
74044	0	0	0	0	0	0	0
0	0	0	0	0	0	0	2711082
1093946	0	0	0	0	0	0	0
