104292	0	0	0	0	0	0	0
0	0	0	1334002	0	0	0	0
0	0	0	0	339810	0	0	0
115320	0	0	0	0	0	0	0
3888678	0	0	0	0	0	0	0
69946	0	0	0	0	0	0	0
0	0	0	0	0	0	0	18226106
2619550	0	0	0	0	0	0	0
152496	0	0	0	0	0	0	0
0	0	0	0	133746	0	0	0
8018392	0	0	0	0	0	0	0
95154	0	0	0	0	0	0	0
0	0	0	0	114286	0	0	0
170458	0	0	0	0	0	0	0
0	0	0	0	0	0	0	9357886
0	0	0	0	72434	0	0	0
0	7563886	0	0	0	0	0	0
83496	0	0	0	0	0	0	0
1314816	0	0	0	0	0	0	0
190938	0	0	0	0	0	0	0
862682	0	0	0	0	0	0	0
138002	0	0	0	0	0	0	0
80900	0	0	0	0	0	0	0
0	0	0	0	0	0	0	3919474
0	0	0	0	105066	0	0	0
8151548	0	0	0	0	0	0	0
0	0	0	0	3419890	0	0	0
0	0	0	0	85886	0	0	0
147066	0	0	0	0	0	0	0
99566	0	0	0	0	0	0	0
0	0	0	0	13692542	0	0	0
0	0	0	0	2440050	0	0	0
0	6962878	0	0	0	0	0	0
0	0	0	0	0	0	0	1403898
0	0	0	0	77558	0	0	0
371160	0	0	0	0	0	0	0
0	0	0	110514	0	0	0	0
131702	0	0	0	0	0	0	0
0	0	0	0	94202	0	0	0
0	0	0	80754	0	0	0	0
0	0	0	0	84838	0	0	0
0	0	0	125858	0	0	0	0
76878	0	0	0	0	0	0	0
69316	0	0	0	0	0	0	0
6234072	0	0	0	0	0	0	0
0	0	0	0	130026	0	0	0
0	0	0	0	0	0	0	511846
191906	0	0	0	0	0	0	0
0	0	0	0	80610	0	0	0
0	0	0	0	126706	0	0	0
0	0	0	0	114286	0	0	0
0	0	0	0	126834	0	0	0
115080	0	0	0	0	0	0	0
0	0	0	162794	0	0	0	0
98460	0	0	0	0	0	0	0
0	0	0	0	0	0	0	11201334
0	0	0	0	4537062	0	0	0
195982	0	0	0	0	0	0	0
1484752	0	0	0	0	0	0	0
0	0	0	0	122494	0	0	0
114140	0	0	0	0	0	0	0
0	0	0	0	167930	0	0	0
68986	0	0	0	0	0	0	0
0	0	85990	0	0	0	0	0
0	0	0	0	18157282	0	0	0
0	0	0	0	0	0	0	7129910
0	0	0	84534	0	0	0	0
287856	0	0	0	0	0	0	0
0	0	0	0	142194	0	0	0
0	0	0	0	155262	0	0	0
121710	0	0	0	0	0	0	0
211972	0	0	0	0	0	0	0
97834	0	0	0	0	0	0	0
124174	0	0	0	0	0	0	0
0	0	0	0	97258	0	0	0
117276	0	0	0	0	0	0	0
0	0	0	0	76390	0	0	0
0	0	0	0	0	0	0	6445874
0	0	2060258	0	0	0	0	0
0	0	0	0	101242	0	0	0
71836	0	0	0	0	0	0	0
712074	0	0	0	0	0	0	0
0	0	0	0	0	0	0	21106530
81530	0	0	0	0	0	0	0
0	0	0	0	90086	0	0	0
0	0	0	134766	0	0	0	0
0	0	0	0	85750	0	0	0
0	0	0	0	0	0	0	22540006
0	0	0	0	0	0	0	17930942
92004	0	0	0	0	0	0	0
0	0	0	96886	0	0	0	73608942
0	0	0	0	0	0	0	1417130
0	0	0	12032870	0	0	0	0
244586	0	0	0	0	0	0	0
12722452	0	0	0	0	0	0	0
0	0	0	0	17988198	0	0	0
140838	0	0	0	0	0	0	0
0	0	0	0	134882	0	0	0
129192	0	0	0	0	0	0	0
0	0	0	0	146146	0	0	0
0	0	0	126758	0	0	0	0
540592	0	0	0	0	0	0	0
0	0	84986	0	0	0	0	0
110690	0	0	0	0	0	0	0
99716	0	0	0	0	0	0	0
0	0	0	727802	733026	0	0	0
0	0	0	0	118518	0	0	0
0	0	0	0	622574	0	0	0
190622	0	0	0	0	0	0	0
113428	0	0	0	0	0	0	0
0	0	89022	0	0	0	0	0
105044	0	0	0	0	0	0	0
0	0	0	0	88694	0	0	0
110688	0	0	0	0	0	0	0
114220	0	0	0	0	0	0	0
0	0	0	0	0	0	0	3169906
0	0	0	0	0	0	0	12414890
117276	0	0	0	0	0	0	0
0	0	0	0	89974	0	0	0
111098	0	0	0	0	0	0	0
178820	0	0	0	0	0	0	0
0	0	0	10543038	0	0	0	0
0	0	0	76406	0	0	0	0
0	0	0	114482	0	0	0	0
123548	0	0	0	0	0	0	0
148320	0	0	0	0	0	0	0
90308	0	0	0	0	0	0	0
92948	0	0	0	0	0	0	0
0	0	0	0	166778	0	0	0
0	0	0	0	89830	0	0	0
0	0	0	113334	0	0	0	0
0	0	0	0	97122	0	0	0
0	0	0	81590	0	0	0	0
0	55607166	0	0	0	0	0	408374
0	0	0	0	0	0	0	10882790
0	0	0	0	89974	0	0	0
105552	0	0	0	0	0	0	0
0	0	0	0	420838	0	0	0
3118890	0	0	0	0	0	0	0
0	0	0	0	0	0	0	6237178
0	0	0	0	98026	0	0	0
0	0	0	109238	0	0	0	0
0	0	0	147134	0	0	0	0
0	0	0	253814	0	0	0	0
0	0	0	0	192370	0	0	0
0	0	0	0	0	0	0	1481530
87800	0	0	0	0	0	0	0
0	0	0	129958	0	0	0	0
94696	0	0	0	0	0	0	0
139810	0	0	0	0	0	0	0
0	0	0	0	88694	0	0	0
0	0	0	0	0	0	0	113466
184634	0	0	0	0	0	0	0
0	0	0	0	236538	0	0	0
0	0	0	0	203506	0	0	0
0	0	0	0	0	0	0	3566586
0	0	0	0	93034	0	0	0
0	0	0	0	0	0	0	2407226
0	0	0	0	186998	0	0	0
0	0	0	0	0	0	0	14216818
0	0	0	155190	0	0	0	0
0	0	0	89654	0	0	0	0
0	12352254	0	0	0	0	0	0
132320	0	0	0	0	0	0	0
0	0	0	0	0	0	0	2862830
125428	0	0	0	0	0	0	0
82784	0	0	0	0	0	0	0
0	0	0	0	102394	0	0	0
130442	0	0	0	0	0	0	0
0	0	0	0	72434	0	0	0
0	0	0	0	106106	0	0	0
0	0	0	0	85606	0	0	0
0	0	0	301682	0	0	0	0
0	0	0	0	94198	0	0	0
0	0	0	0	146146	0	0	0
227170	0	0	0	0	0	0	0
120724	0	0	0	0	0	0	0
0	0	0	113206	0	0	0	0
0	0	0	233386	0	0	0	0
0	0	0	0	84982	0	0	0
0	0	0	0	0	0	0	363322
0	0	0	0	85750	0	0	0
0	0	0	0	0	0	0	1923946
114140	0	0	0	0	0	0	0
0	0	0	0	233466	0	0	0
0	0	0	0	158710	0	0	0
146196	0	0	0	0	0	0	0
0	0	0	0	392178	0	0	0
80030	0	0	0	0	0	0	0
0	0	0	0	0	0	0	1183342
10742864	0	0	0	0	0	0	0
0	0	0	0	232426	0	0	0
0	0	0	0	97122	0	0	0
103976	0	0	0	0	0	0	0
71838	0	0	0	0	0	0	0
0	10919742	0	0	0	0	0	0
0	0	0	0	102010	0	0	0
0	0	0	0	0	0	0	954362
0	0	0	105406	0	0	0	0
97674	0	0	0	0	0	0	0
974218	0	0	0	0	0	0	0
0	0	0	0	118654	0	0	0
0	0	0	0	179822	0	0	0
0	0	0	0	192226	0	0	0
0	0	0	0	121598	0	0	0
0	0	0	0	142194	0	0	0
0	0	0	141986	0	0	0	0
0	0	0	142186	0	0	0	0
0	0	0	0	0	0	0	3907242
0	0	0	0	109294	0	0	0
0	0	0	150378	0	0	0	0
119100	0	0	0	0	0	0	0
1877026	0	0	0	0	0	0	0
0	0	0	0	0	0	0	18390570
89482	0	0	0	0	0	0	0
179594	0	0	0	0	0	0	0
88538	0	0	0	0	0	0	0
195978	0	0	0	0	0	0	0
0	0	0	0	0	0	0	3760042
0	0	0	1776562	0	0	0	0
0	0	0	0	0	0	0	2268842
0	0	0	3828706	0	0	0	0
90112	0	0	0	0	0	0	0
0	0	0	0	0	0	0	19503926
0	0	0	159346	0	0	0	0
88222	0	0	0	0	0	0	0
73688	0	0	0	0	0	0	0
82552	0	0	0	0	0	0	0
0	0	0	0	0	0	0	588322
0	0	0	0	118766	0	0	0
0	0	0	0	0	0	0	5783466
0	0	0	0	93178	0	0	0
0	0	0	73270	0	0	0	0
0	0	0	253946	0	0	0	0
78140	0	0	0	0	0	0	0
968548	0	0	0	0	0	0	0
0	0	0	225002	0	0	0	0
99566	0	0	0	0	0	0	0
0	0	0	0	0	0	0	3349298
68058	0	0	0	0	0	0	0
0	0	0	0	109438	0	0	0
930738	0	0	0	0	0	0	0
0	0	0	117602	0	0	0	0
0	0	0	0	0	0	0	911994
0	0	0	0	3697510	0	0	0
0	0	0	0	93938	0	0	0
0	0	0	109098	0	0	0	0
25249634	0	0	0	0	0	0	0
118470	0	0	0	0	0	0	68308590
0	0	0	5143414	0	0	0	0
80030	0	0	0	0	0	0	0
0	0	0	0	84982	0	0	0
86546	0	0	0	0	0	0	0
0	0	0	0	0	0	0	10951358
0	0	0	0	0	0	0	2235322
0	0	0	0	110570	0	0	0
82552	0	0	0	0	0	0	0
87592	0	0	0	0	0	0	0
93000	0	0	0	0	0	0	0
665034	0	0	0	0	0	0	0
0	0	0	0	121462	0	0	0
0	0	0	0	110574	0	0	0
0	0	0	0	179198	0	0	0
137970	0	0	0	0	0	0	0
0	0	0	117482	0	0	0	0
0	0	0	0	1159150	0	0	0
0	0	0	0	94202	0	0	0
0	0	0	0	77670	0	0	0
1929880	0	0	0	0	0	0	0
111100	0	0	0	0	0	0	0
0	0	0	0	106090	0	0	0
0	0	0	0	76414	0	0	0
4053198	0	0	0	0	0	0	0
0	0	0	0	90086	0	0	0
0	0	0	0	73570	0	0	0
136376	0	0	0	0	0	0	0
0	0	0	0	98026	0	0	0
0	0	0	1702642	0	0	0	0
0	0	0	0	0	0	0	24891238
0	0	0	0	89974	0	0	0
0	0	0	0	81766	0	0	0
0	0	2420462	0	0	0	0	0
103478	0	0	0	0	0	0	0
50462720	0	0	77366	0	0	0	0
0	0	0	0	77558	0	0	0
0	0	0	0	102258	0	0	0
167586	0	0	0	0	0	0	0
74630	0	0	0	0	0	0	0
0	0	2543598	0	0	0	0	0
0	0	0	84718	0	0	0	0
0	0	0	76582	0	0	0	0
0	0	0	0	73570	0	0	0
0	0	0	0	102394	0	0	0
74316	0	0	0	0	0	0	0
80588	0	0	0	0	0	0	0
20444424	0	0	0	0	0	0	0
77396	0	0	0	0	0	0	0
80660	0	0	0	0	0	0	0
0	0	0	151142	126834	0	0	0
0	0	0	0	388850	0	0	0
132952	0	0	0	0	0	0	0
108072	0	0	0	0	0	0	0
127922	0	0	0	0	0	0	0
0	0	0	138042	0	0	0	0
0	0	0	0	114430	0	0	0
0	0	0	0	134010	0	0	0
0	0	0	92714	0	0	0	0
0	0	0	0	143090	0	0	0
0	0	0	0	0	0	0	457406
0	0	0	0	176110	0	0	0
84038	0	0	80438	0	0	0	0
992178	0	0	1015678	0	0	0	0
0	0	0	315306	0	0	0	0
0	0	0	0	125554	0	0	0
0	0	0	0	134882	0	0	0
114846	0	0	0	0	0	0	0
135482	0	0	0	0	0	0	0
0	0	0	0	0	0	0	475050
0	0	0	0	93802	0	0	0
0	0	0	0	122854	0	0	0
0	0	0	0	72562	0	0	0
128552	0	0	0	0	0	0	0
78140	0	0	0	0	0	0	0
0	0	0	90106	0	0	0	0
0	0	0	0	118654	0	0	0
160058	0	0	0	0	0	0	0
0	0	0	0	0	0	0	3534574
0	0	0	0	0	0	0	2039526
122294	0	0	0	0	0	0	0
90744	0	0	0	0	0	0	0
93894	0	0	0	0	0	0	0
0	0	0	0	84838	0	0	0
0	0	0	0	13535978	0	0	0
0	0	0	0	93030	0	0	0
0	0	0	0	101242	0	0	0
198498	0	0	0	0	0	0	0
6763066	0	0	84534	0	0	0	0
102852	0	0	0	0	0	0	0
0	0	0	0	102250	0	0	0
0	0	0	0	89974	0	0	0
0	0	0	0	15686262	0	0	0
0	0	0	0	0	0	0	20668330
0	0	0	0	5988214	0	0	0
201018	0	0	0	0	0	0	0
0	0	0	0	0	0	0	683878
83326	0	0	0	0	0	0	0
0	0	0	101986	0	0	0	0
127292	0	0	0	0	0	0	0
0	0	0	0	0	0	0	7797754
0	0	0	0	93034	0	0	0
77140	0	0	0	0	0	0	0
0	0	0	0	77554	0	0	0
0	0	0	0	203634	0	0	0
116264	0	0	0	0	0	0	0
95782	0	0	0	0	0	0	0
0	0	0	0	109430	0	0	0
154388	0	0	0	0	0	0	0
20273828	0	0	0	0	0	0	0
1661604	0	0	0	0	0	0	0
0	0	0	211506	0	0	0	0
0	0	0	470950	0	0	0	0
0	0	0	0	85606	0	0	0
0	0	0	0	84838	0	0	0
105482	0	0	0	0	0	0	0
0	0	0	0	0	0	0	21073766
0	0	0	0	1642098	0	0	0
68360	0	0	0	0	0	0	0
0	0	0	0	0	0	0	752562
0	0	0	0	0	0	0	4954746
144178	0	0	0	0	0	0	0
3063260	0	0	0	0	0	0	0
0	0	0	130622	0	0	0	0
80030	0	0	0	0	0	0	0
0	0	0	0	85606	0	0	0
0	0	0	0	114286	0	0	0
85702	0	0	0	0	0	0	0
0	0	0	0	0	0	0	5434174
0	0	0	0	3918702	0	0	0
0	0	0	0	0	0	0	2473982
0	0	0	93998	0	0	0	17694634
0	0	0	0	0	0	0	1162162
0	0	0	0	0	0	0	400178
93264	0	0	0	0	0	0	0
0	0	0	0	0	0	0	1866554
0	0	0	0	122878	0	0	0
0	0	0	0	1031922	0	0	0
0	0	1150890	1145586	0	0	0	0
0	0	0	0	0	0	0	8294118
98936	0	0	0	0	0	0	0
0	0	0	0	0	0	0	487202
0	0	0	0	98154	0	0	0
79400	0	0	0	0	0	0	0
489628	0	0	0	0	0	0	0
0	0	0	0	121838	0	0	0
100826	0	0	0	0	0	0	0
0	0	0	0	0	0	0	1548202
0	0	0	0	94202	0	0	0
0	0	0	0	121710	0	0	0
84262	0	0	0	0	0	0	0
154790	0	0	0	0	0	0	0
0	0	0	0	122606	0	0	0
0	0	0	0	72434	0	0	0
93444	0	0	0	0	0	0	0
90308	0	0	0	0	0	0	0
0	0	0	253814	0	0	0	0
0	0	0	117482	0	0	0	0
0	0	0	0	2439906	0	0	0
139894	0	0	0	0	0	0	0
164784	0	0	0	0	0	0	0
0	0	0	0	0	0	0	94122
0	0	0	0	117614	0	0	0
25427968	0	0	0	0	0	0	0
0	0	0	0	138098	0	0	0
147376	0	0	0	0	0	0	0
0	0	0	0	139250	0	0	0
0	0	0	0	0	0	0	2738722
0	0	0	0	84734	0	0	0
0	0	0	0	102114	0	0	0
0	0	0	0	10043130	0	0	0
147924	0	0	0	0	0	0	0
0	0	0	0	77554	0	0	0
68656	0	0	0	0	0	0	0
0	0	0	0	150518	0	0	0
0	0	0	0	84982	0	0	0
0	0	0	0	2911082	0	0	0
116718	0	0	0	0	0	0	0
121708	0	0	0	0	0	0	0
95784	0	0	0	0	0	0	0
163208	0	0	0	0	0	0	0
109124	0	0	0	0	0	0	0
122294	0	0	0	0	0	0	0
0	0	0	0	0	0	0	13835066
79020	0	0	0	0	0	0	0
77450	0	0	0	0	0	0	0
0	0	0	72506	0	0	0	0
0	0	0	0	92922	0	0	0
0	0	0	0	77430	0	0	0
93758	0	0	0	0	0	0	0
0	0	0	1154934	0	0	0	0
0	0	0	0	0	0	0	5168682
182184	0	0	0	0	0	0	0
0	634798	0	0	0	0	0	0
0	0	0	0	147298	0	0	0
92004	0	0	0	0	0	0	0
0	0	0	0	0	0	0	609274
0	0	0	93930	0	0	0	1841982
151668	0	0	0	0	0	0	0
0	0	0	154226	0	0	0	0
0	0	0	84714	0	0	0	0
188808	0	0	0	0	0	0	0
0	0	0	0	0	0	0	20492006
0	0	0	0	150518	0	0	0
0	0	0	0	162406	0	0	0
0	0	0	0	0	0	0	391998
0	0	0	84834	0	0	0	0
0	0	0	0	0	0	0	3648118
90936	0	0	0	0	0	0	0
0	0	0	0	622458	0	0	0
0	0	0	1490494	1501810	0	0	0
0	0	0	0	0	0	0	1240814
0	0	0	0	72434	0	0	0
94870	0	0	0	0	0	0	0
0	0	0	0	0	0	0	3721762
3878282	0	0	0	0	0	0	0
98304	0	0	0	0	0	0	0
0	0	0	4222578	0	0	0	0
0	0	0	0	142198	0	0	0
128552	0	0	0	0	0	0	0
0	0	0	69294	0	0	0	0
0	0	0	180018	0	0	0	0
88428	0	0	0	0	0	0	0
1760650	0	0	0	0	0	0	0
0	0	0	0	94202	0	0	0
148716	0	0	0	0	0	0	0
101912	0	0	0	0	0	0	0
0	0	0	0	106106	0	0	0
0	0	0	0	0	0	0	3807862
93264	0	0	0	0	0	0	0
135168	0	0	0	0	0	0	0
0	0	0	0	80614	0	0	0
0	0	0	0	118766	0	0	0
0	0	0	0	0	0	0	1412090
0	0	0	0	0	0	0	1657462
129192	0	0	0	0	0	0	0
132962	0	0	0	0	0	0	0
0	0	0	0	233082	0	0	0
0	0	0	0	0	0	0	1392166
20147014	0	0	0	0	0	0	0
82156	0	0	0	0	0	0	0
105866	0	0	0	0	0	0	0
0	0	0	0	0	0	0	8166322
0	0	0	0	0	0	0	2674530
0	0	0	0	1392370	0	0	0
75258	0	0	0	0	0	0	0
0	0	0	0	0	0	0	6175666
119838	0	0	0	0	0	0	0
150828	0	0	0	0	0	0	0
0	0	0	0	11726578	0	0	0
124832	0	0	0	0	0	0	0
0	0	0	0	404338	0	0	0
0	0	0	0	93174	0	0	0
93936	0	0	0	0	0	0	0
0	0	0	0	0	0	0	547634
0	0	0	0	203746	0	0	0
129818	0	0	0	0	0	0	0
0	0	0	0	110198	0	0	0
0	0	0	4653046	0	0	0	0
79648	0	0	0	0	0	0	0
0	0	0	0	298866	0	0	0
0	0	0	0	77430	0	0	0
109750	0	0	0	0	0	0	0
0	0	0	224230	0	0	0	0
0	0	0	0	0	0	0	5143354
109124	0	0	0	0	0	0	0
0	0	0	0	0	0	0	18451450
0	0	0	0	113662	0	0	0
0	0	0	0	90086	0	0	0
0	22200126	0	0	0	0	0	0
0	0	0	138170	0	0	0	0
0	0	0	1183726	0	0	0	0
0	0	0	0	1551226	0	0	0
0	0	0	0	176110	0	0	0
0	0	0	0	109294	0	0	0
108496	0	0	0	0	0	0	0
0	0	0	0	0	0	0	19913650
0	0	0	125922	0	0	0	0
150200	0	0	0	0	0	0	0
86232	0	0	0	0	0	0	0
0	0	0	0	171002	0	0	0
0	0	0	0	76390	0	0	0
82866	0	0	0	0	0	0	0
141732	0	0	0	0	0	0	0
0	0	0	0	126834	0	0	0
0	0	0	72626	0	0	0	0
0	0	0	0	0	0	0	8977086
0	0	0	0	581358	0	0	0
0	0	0	0	0	0	0	1305522
157538	0	0	0	0	0	0	0
0	0	0	0	19086050	0	0	0
0	0	0	0	77554	0	0	0
0	0	0	0	85606	0	0	0
0	0	0	76458	0	0	0	0
0	0	0	118318	0	0	0	0
100030	0	0	0	0	0	0	0
0	0	0	0	88694	0	0	0
821092	0	0	0	0	0	0	0
166360	0	0	0	0	0	0	0
0	0	0	0	0	0	0	13704114
0	0	0	0	8489962	0	0	0
0	0	0	0	0	0	0	1486446
178964	0	0	0	0	0	0	215934
0	0	0	0	98170	0	0	0
0	0	0	122874	0	0	0	0
0	0	0	89982	0	0	0	0
74360	0	0	0	0	0	0	0
87278	0	0	0	0	0	0	0
0	0	0	0	0	0	0	125946
0	0	0	0	0	0	0	1162802
0	0	0	0	0	0	0	3726890
0	0	0	15104754	0	0	0	0
0	0	0	260730	0	0	0	0
0	0	0	0	102002	0	0	0
96414	0	0	0	0	0	0	0
119784	0	0	0	0	0	0	0
92818	0	0	0	0	0	0	0
118470	0	0	0	0	0	0	0
0	0	0	577518	0	0	0	0
0	0	0	0	8571894	0	0	0
0	16445038	0	0	0	0	0	0
101598	0	0	0	0	0	0	0
0	0	0	0	0	0	0	9570934
86134	0	0	0	0	0	0	0
102224	0	0	0	0	0	0	0
75524	0	0	0	0	0	0	0
0	0	0	0	81654	0	0	0
0	0	0	0	0	0	0	5525222
0	0	0	0	3787518	0	0	0
0	0	0	186994	0	0	0	0
86332	0	0	0	0	0	0	0
114688	0	0	0	0	0	0	0
0	0	0	97826	0	0	0	0
0	0	0	163682	0	0	0	0
0	0	0	134782	0	0	0	0
0	0	0	69502	0	0	0	0
0	0	0	0	3619554	0	0	0
124802	0	0	0	0	0	0	0
3181162	0	0	0	0	0	0	0
84262	0	0	0	0	0	0	0
0	0	0	0	183150	0	0	0
147692	0	0	0	0	0	0	0
0	0	0	0	133730	0	0	0
0	0	0	0	147426	0	0	0
0	0	0	0	0	0	0	1567266
0	0	0	0	0	0	0	1551914
0	0	0	0	98170	0	0	0
83014	0	0	0	0	0	0	0
0	0	0	0	106106	0	0	0
0	0	0	0	0	0	0	6859386
0	0	0	0	0	0	0	20471406
0	0	0	0	102002	0	0	0
0	0	0	0	106346	0	0	0
0	0	0	0	793570	0	0	0
0	0	0	0	106482	0	0	0
82550	0	0	0	0	0	0	0
126660	0	0	0	0	0	0	0
0	0	0	0	0	0	0	6499950
0	0	0	0	338914	0	0	0
91564	0	0	0	0	0	0	0
0	0	0	0	0	0	0	2116214
6342882	0	0	0	0	0	0	0
106496	0	0	0	0	0	0	0
109540	0	0	0	0	0	0	0
70576	0	0	0	0	0	0	0
101114	0	0	0	0	0	0	0
0	0	0	0	0	0	0	7101234
113114	0	0	0	0	0	0	0
0	0	0	0	88942	0	0	0
0	0	0	0	0	0	0	876458
0	0	0	0	0	0	0	1134438
0	0	0	0	335722	0	0	0
0	0	0	662266	0	0	0	0
0	0	0	0	101242	0	0	0
182184	0	0	0	0	0	0	0
132320	0	0	0	0	0	0	0
89878	0	0	0	0	0	0	0
0	0	0	0	77806	0	0	0
0	0	0	129850	0	0	0	0
69926	0	0	0	0	0	0	0
0	0	0	0	0	0	0	13422438
0	0	0	502690	0	0	0	6888126
0	0	0	0	0	0	0	835310
0	0	0	155298	0	0	0	0
0	0	0	134142	0	0	0	0
0	0	0	0	199282	0	0	0
97990	0	0	0	0	0	0	0
92318	0	0	0	0	0	0	0
0	0	0	0	171002	0	0	0
74990	0	0	0	0	0	0	0
82552	0	0	0	0	0	0	1432254
93264	0	0	0	0	0	0	0
0	0	0	85682	0	0	0	0
0	0	0	0	89974	0	0	0
143990	0	0	0	0	0	0	0
109018	0	0	0	0	0	0	0
0	0	0	92714	0	0	0	0
109648	0	0	0	0	0	0	0
0	0	0	0	118374	0	0	0
0	0	0	0	114286	0	0	0
0	0	0	0	84982	0	0	0
103976	0	0	0	0	0	0	0
142360	0	0	0	0	0	0	0
0	0	0	0	142058	0	0	0
0	0	0	0	77430	0	0	0
0	0	0	0	80614	0	0	0
0	0	0	0	88694	0	0	0
0	0	0	0	77806	0	0	0
0	0	0	137978	0	0	0	0
0	0	0	109098	0	0	0	0
0	0	0	105002	0	0	0	0
76148	0	0	0	0	0	0	0
0	0	0	84718	0	0	0	0
0	0	0	0	176106	0	0	0
0	0	0	89654	0	0	0	0
0	0	0	0	138098	0	0	0
0	0	0	0	125554	0	0	0
0	0	0	0	10714858	0	0	87650146
172150	0	0	0	0	0	0	0
0	0	0	0	110458	0	0	0
114140	0	0	0	0	0	0	0
0	0	0	0	207730	0	0	0
120412	0	0	0	0	0	0	0
0	0	0	93994	0	0	0	0
0	0	0	0	1518450	0	0	0
128564	0	0	0	0	0	0	0
0	0	0	0	0	0	0	4308594
0	0	0	0	125554	0	0	0
0	0	0	84854	0	0	0	0
0	0	0	72442	0	0	0	0
0	0	0	252586	0	0	0	0
0	0	0	0	93162	0	0	0
0	0	0	0	179194	0	0	0
123548	0	0	0	0	0	0	0
0	0	0	244278	0	0	0	0
0	0	0	126654	0	0	0	0
0	0	0	0	261102	0	0	0
0	0	0	0	1829602	0	0	0
119156	0	0	0	0	0	0	0
0	0	0	76386	0	0	0	0
146750	0	0	0	0	0	0	0
0	0	0	0	110574	0	0	0
75570	0	0	0	0	0	0	0
0	0	0	0	98026	0	0	0
0	0	0	0	84982	0	0	0
0	0	0	0	129890	0	0	0
210718	0	0	0	0	0	0	0
0	0	0	0	0	0	0	12742570
385064	0	0	0	0	0	0	0
0	0	892586	0	0	0	0	0
64910	0	0	0	0	0	0	0
0	0	0	134130	0	0	0	0
137970	0	0	0	0	0	0	0
0	0	0	97258	0	0	0	0
97674	0	0	0	0	0	0	0
0	0	0	0	77806	0	0	0
0	0	0	77746	0	0	0	0
0	0	0	0	96874	0	0	0
0	0	0	199202	0	0	0	0
0	0	0	0	0	0	0	12524466
0	0	0	0	0	0	0	4668966
918128	0	0	0	0	0	0	0
0	0	0	98018	0	0	0	0
203822	0	0	0	0	0	0	0
153442	0	0	0	0	0	0	0
0	0	0	122742	0	0	0	0
121708	0	0	0	0	0	0	0
0	0	0	0	0	0	0	5566310
0	0	0	0	84838	0	0	0
81920	0	0	0	0	0	0	0
195982	0	0	0	0	0	0	0
218870	0	0	0	0	0	0	0
0	0	0	0	0	0	0	1665598
0	0	0	0	98170	0	0	0
0	0	0	0	89974	0	0	0
104106	0	0	0	0	0	0	0
0	0	0	0	122854	0	0	0
0	0	1035262	1044270	0	0	0	0
0	0	0	0	0	0	0	19151670
88222	0	0	0	0	0	0	0
0	0	0	0	110574	0	0	0
351624	0	0	0	0	0	0	0
113428	0	0	0	0	0	0	0
0	0	0	0	143094	0	0	0
180224	0	0	0	0	0	0	0
11685164	0	0	0	0	0	0	0
0	0	0	0	0	0	0	24735586
0	0	0	0	0	0	0	133938
0	0	0	0	101114	0	0	0
0	0	0	73590	0	0	0	0
0	0	0	0	125930	0	0	0
0	0	0	0	0	0	0	1540010
232526	0	0	0	0	0	0	0
0	0	0	0	2439794	0	0	0
0	0	0	0	84982	0	0	0
0	0	0	0	0	0	0	3292082
0	0	0	0	133746	0	0	0
0	0	0	0	0	0	0	2592610
92818	0	0	0	0	0	0	0
160690	0	0	0	0	0	0	0
0	0	0	97142	0	0	0	0
0	0	0	0	12122866	0	0	0
114140	0	0	0	0	0	0	0
0	0	0	0	89974	0	0	0
0	0	0	0	122742	0	0	0
0	0	0	0	0	0	0	1474474
0	0	0	125922	0	0	0	0
0	0	0	298670	0	0	0	0
120676	0	0	0	0	0	0	0
0	0	0	0	0	0	0	592502
0	0	0	0	16206694	0	0	0
0	0	0	0	0	0	0	920182
0	0	0	73398	0	0	0	0
0	0	0	0	113662	0	0	0
178650	0	0	0	0	0	0	0
0	0	0	0	114422	0	0	0
0	0	0	1579762	1567346	0	0	0
0	0	0	0	122494	0	0	0
0	0	0	0	0	0	0	16051966
0	0	0	80826	0	0	0	0
0	0	0	0	221182	0	0	0
0	0	0	0	0	0	0	10653238
0	0	0	352118	0	0	0	0
148716	0	0	0	0	0	0	0
0	0	0	0	0	0	0	12611310
74360	0	0	0	0	0	0	0
0	0	0	100910	0	0	0	0
0	0	0	229178	0	0	0	0
74360	0	0	0	0	0	0	0
0	3271214	0	0	0	0	0	0
0	0	0	0	109182	0	0	0
0	0	0	0	0	0	0	2416170
98304	0	0	0	0	0	0	0
0	0	0	155390	0	0	0	0
0	0	0	0	0	0	0	4209586
270336	0	0	0	0	0	0	0
0	0	0	0	0	0	0	23473774
0	0	0	0	76414	0	0	0
0	0	0	0	0	0	0	26009262
0	0	0	0	0	0	0	154302
0	0	0	0	0	0	0	3926562
80660	0	0	0	0	0	0	0
114688	3591022	3582886	3578802	3579498	0	0	0
0	0	0	0	1343210	0	0	0
92004	0	0	0	0	0	0	0
0	0	0	0	0	0	0	9654058
0	0	0	0	0	0	0	23293550
0	0	0	0	187134	0	0	0
0	0	2755570	150050	0	0	0	0
0	0	0	15260402	0	0	0	0
0	0	0	0	0	0	0	4099814
0	0	0	0	77670	0	0	90950334
102086	0	0	0	0	0	0	0
120360	0	0	0	0	0	0	0
0	0	0	101030	0	0	0	0
0	0	0	0	233082	0	0	0
0	0	0	93810	0	0	0	0
0	0	0	0	110574	0	0	0
0	0	0	0	0	0	0	19638974
30544818	0	0	96822	0	0	0	0
97674	0	0	0	0	0	0	0
171522	0	0	0	0	0	0	0
0	0	0	0	77670	0	0	0
0	0	0	0	76662	0	0	0
0	0	0	0	716658	0	0	0
2404038	0	0	0	0	0	0	0
0	0	0	0	0	0	0	12184186
0	0	0	141866	0	0	0	0
0	0	0	0	73714	0	0	0
123196	0	0	0	0	0	0	0
90112	0	0	0	0	0	0	0
129812	0	0	0	0	0	0	0
0	0	0	0	73570	0	0	0
0	0	0	3964726	0	0	0	0
0	0	0	0	0	0	0	17403630
126346	0	0	0	0	0	0	0
0	0	0	101030	0	0	0	0
23611774	0	0	0	0	0	0	0
0	0	0	0	0	0	0	3861182
0	0	0	0	0	0	0	23289458
0	0	0	0	93034	0	0	0
0	0	0	0	0	0	0	5503778
0	0	0	114238	0	0	0	0
169512	0	0	0	0	0	0	0
0	0	0	0	1289974	0	0	0
0	0	0	0	81654	0	0	0
0	0	0	0	494570	0	0	92352354
98936	0	0	0	0	0	0	0
0	0	0	0	0	0	0	14388974
0	0	0	0	0	0	0	1879850
0	0	0	0	0	0	0	933694
104606	0	0	0	0	0	0	0
0	0	0	1843190	0	0	0	0
113428	0	0	0	0	0	0	0
0	0	0	97010	0	0	0	0
129182	0	0	0	0	0	0	0
0	0	0	0	105330	0	0	0
0	0	0	0	0	0	0	1182714
0	0	0	0	126946	0	0	0
0	0	0	163638	0	0	0	0
0	0	0	76582	0	0	0	0
0	0	0	0	139250	0	0	0
140524	0	0	0	0	0	0	0
0	0	0	0	97910	0	0	0
0	0	0	0	2973670	0	0	0
0	0	0	0	0	0	0	5521322
0	0	0	113202	0	0	0	0
131698	0	0	0	0	0	0	0
180304	0	0	0	0	0	0	0
0	0	0	855678	0	0	0	0
0	0	0	125802	0	0	0	0
0	0	0	290790	0	0	0	0
611046	0	0	0	0	0	0	0
82390	0	0	0	0	0	0	0
107356	0	0	0	0	0	0	0
88630	0	0	0	0	0	0	0
0	0	0	0	0	0	0	1929058
0	0	0	0	105058	0	0	0
0	0	0	0	96874	0	0	0
101738	0	0	0	0	0	0	0
0	0	0	0	0	0	0	782250
0	0	0	0	137834	0	0	0
116094	0	0	0	0	0	0	0
77381398	0	0	0	93802	0	0	0
0	0	0	0	151422	0	0	0
0	0	0	125482	0	0	0	0
0	0	0	0	2955882	0	0	0
0	0	0	76598	0	0	0	0
0	0	0	0	3103726	0	0	0
96414	0	0	0	0	0	0	0
0	0	0	0	0	0	0	3546034
0	0	0	0	118654	0	0	0
117966	0	0	0	0	0	0	0
0	0	0	0	89974	0	0	0
102224	0	0	0	0	0	0	0
0	0	0	0	131058	0	0	0
111004	0	0	0	0	0	0	0
0	0	0	0	113526	0	0	0
0	0	0	0	114286	0	0	0
87174	0	0	0	0	0	0	0
185896	0	0	0	0	0	0	0
81530	0	0	0	0	0	0	0
104106	0	0	0	0	0	0	0
0	0	0	0	121838	0	0	0
0	0	0	0	77670	0	0	0
0	0	0	0	84838	0	0	0
118216	0	0	0	0	0	0	0
0	0	0	0	162658	0	0	0
0	0	0	80566	0	0	0	0
0	0	0	109366	0	0	0	0
0	0	0	0	0	0	0	921198
243420	0	0	0	0	0	0	0
116718	0	0	0	0	0	0	0
0	0	0	0	118654	0	0	0
132638	0	0	0	0	0	0	0
0	0	0	0	76390	0	0	0
132952	0	0	0	0	0	0	0
0	0	0	0	105066	0	0	0
0	0	0	0	13851254	0	0	0
0	0	0	0	4800354	0	0	0
0	0	0	0	139250	0	0	0
67882692	0	0	765878	0	0	0	0
113826	0	0	0	0	0	0	0
95012	0	0	0	0	0	0	0
0	0	0	0	14015342	0	0	0
0	0	0	77746	0	0	0	0
147690	0	0	0	0	0	0	0
0	0	0	88746	0	0	0	0
0	0	0	1366702	0	0	0	0
11222650	0	0	0	0	0	0	0
115950	0	0	0	0	0	0	0
0	0	0	0	98026	0	0	0
111412	0	0	0	0	0	0	0
173404	0	0	0	0	0	0	0
0	0	0	0	81766	0	0	0
0	0	0	0	102394	0	0	0
8506198	0	0	0	0	0	0	0
0	0	0	0	80894	0	0	0
0	0	0	0	147186	0	0	0
119214	0	0	0	0	0	0	0
0	0	0	0	5594854	0	0	0
0	0	0	0	109182	0	0	0
290992	0	0	0	0	0	0	0
0	0	0	1044266	0	0	0	0
0	0	0	0	142194	0	0	0
0	0	0	0	106234	0	0	0
0	0	0	510826	0	0	0	0
149660	0	0	0	0	0	0	0
0	0	0	0	98026	0	0	0
0	0	0	0	0	0	0	7728754
0	0	0	0	0	0	0	11672370
14093048	0	0	0	0	0	0	0
0	0	0	0	76666	0	0	0
121038	0	0	0	0	0	0	0
0	0	0	0	0	0	0	809906
168388	0	0	0	0	0	0	0
0	0	0	0	97254	0	0	0
103478	0	0	0	0	0	0	0
83410	0	0	0	0	0	0	0
0	0	0	0	0	0	0	13246378
0	0	0	85810	0	0	0	0
0	0	0	0	117614	0	0	0
0	0	0	0	97914	0	0	0
190338	0	0	0	0	0	0	0
0	0	0	2400062	159338	0	0	0
0	0	0	0	92922	0	0	0
0	0	0	0	81650	0	0	0
0	0	0	0	102250	0	0	0
0	0	0	0	1744746	0	0	0
0	0	0	0	0	0	0	2464446
0	0	0	0	0	0	0	8933218
0	0	0	0	147426	0	0	0
99716	0	0	0	0	0	0	0
0	0	0	92714	0	0	0	0
0	0	0	0	102250	0	0	0
99566	0	0	0	0	0	0	0
0	0	0	0	92922	0	0	0
0	0	0	0	97914	0	0	0
0	0	0	0	109438	0	0	0
0	0	0	728058	0	0	0	0
0	0	0	0	109294	0	0	0
0	0	0	0	118654	0	0	0
177704	0	0	0	0	0	0	0
0	0	0	154226	0	0	0	0
0	0	0	0	90086	0	0	0
0	0	0	0	200306	0	0	0
90744	0	0	0	0	0	0	0
0	0	0	0	102010	0	0	0
0	0	0	0	81894	0	0	0
120990	0	0	0	0	0	0	0
0	0	0	0	0	0	0	1039038
0	0	0	0	0	0	0	8919670
75884	0	0	0	0	0	0	0
111538	0	0	0	0	0	0	0
0	0	0	0	0	0	0	785214
0	0	0	6934254	0	0	0	0
890406	0	0	0	0	0	0	0
112484	0	0	0	0	0	0	0
143300	0	0	0	0	0	0	0
120676	0	0	0	0	0	0	0
120676	0	0	0	0	0	0	0
0	0	0	0	88694	0	0	0
0	0	0	0	0	0	0	24465134
95154	0	0	0	0	0	0	0
0	3901998	0	0	0	0	0	0
0	0	0	184302	0	0	0	0
0	0	0	0	118510	0	0	0
172662	0	0	0	0	0	0	0
105866	0	0	0	0	0	0	0
0	0	0	129826	0	0	0	0
0	2501294	0	0	0	0	0	0
80030	0	0	0	0	0	0	0
80660	0	0	0	0	0	0	0
113200	0	0	0	0	0	0	0
5162852	0	0	0	0	0	0	5192510
0	0	0	0	85606	0	0	0
0	0	1354746	0	0	0	0	0
166818	0	0	0	0	0	0	0
190306	0	0	0	0	0	0	0
129192	0	0	0	0	0	0	0
126032	0	0	0	0	0	0	0
0	0	0	0	88694	0	0	0
0	2759486	0	0	0	0	0	0
0	0	0	0	3231614	0	0	0
166648	0	0	0	0	0	0	0
0	0	0	0	0	0	0	1384166
0	0	0	0	110462	0	0	0
0	0	0	1163118	0	0	0	0
0	0	0	0	0	0	0	24681150
0	0	0	0	138210	0	0	20938478
0	0	0	0	129890	0	0	0
0	0	9232102	0	0	0	0	0
0	0	0	0	114534	0	0	0
0	0	0	0	125666	0	0	0
0	0	0	949922	0	0	0	0
135482	0	0	0	0	0	0	0
0	0	0	0	0	0	0	4815550
0	0	0	0	80758	0	0	0
131072	0	0	0	0	0	0	0
0	0	0	77366	0	0	0	0
96100	0	0	0	0	0	0	0
0	0	0	1658862	0	0	0	0
0	0	0	0	77670	0	0	0
147456	0	0	0	0	0	0	0
91058	0	0	0	0	0	0	0
0	0	0	0	85742	0	0	0
0	0	0	0	93802	0	0	0
0	0	0	0	0	0	0	2338542
0	0	0	0	76774	0	0	0
97042	0	0	0	0	0	0	0
0	0	0	0	92786	0	0	0
0	0	0	0	118518	0	0	0
90936	0	0	0	0	0	0	0
178964	0	0	0	0	0	0	0
0	0	0	109370	0	0	0	0
0	0	0	0	179818	0	0	0
0	0	0	0	93178	0	0	0
0	0	0	0	6168418	0	0	0
0	0	0	16051182	0	0	0	0
0	0	0	0	171882	0	0	0
0	0	0	0	0	0	0	150522
0	0	0	0	105442	0	0	0
0	0	0	0	89726	0	0	0
0	0	0	0	141922	0	0	0
21778116	0	0	0	0	0	0	0
0	0	0	159334	0	0	0	0
0	0	0	0	85606	0	0	0
0	0	0	0	154230	0	0	0
0	0	0	0	98026	0	0	0
77508	0	0	0	0	0	0	0
88428	0	0	0	0	0	0	0
0	0	0	331566	0	0	0	0
0	0	0	0	85606	0	0	0
159430	0	0	0	0	0	0	0
0	0	0	0	110574	0	0	0
0	0	0	0	88806	0	0	0
0	0	0	6877054	0	0	0	0
0	0	0	134906	0	0	0	0
10641290	0	0	0	0	0	0	0
0	0	0	1343026	0	0	0	0
75836	0	0	0	0	0	0	0
0	0	0	118518	0	0	0	0
4276144	0	0	0	0	0	0	0
179988	0	0	0	0	0	0	0
0	0	0	0	117502	0	0	0
0	0	0	0	109426	0	0	0
147298	0	0	0	0	0	0	0
114768	0	0	0	0	0	0	0
0	0	0	0	163706	0	0	0
0	0	0	0	15966194	0	0	0
0	13770750	0	0	0	0	0	0
0	0	0	155254	0	0	0	0
0	0	0	84978	0	0	0	0
0	0	0	0	146034	0	0	0
110908	0	0	0	0	0	0	0
76512	0	0	0	0	0	0	0
0	0	0	0	80614	0	0	0
0	19499758	0	0	0	0	0	0
140524	0	0	0	0	0	0	0
0	0	0	0	13724650	0	0	13750118
112258	0	0	0	0	0	0	0
0	0	0	1453942	0	0	0	0
0	0	0	101030	0	0	0	0
0	0	0	0	122598	0	0	0
0	0	0	0	0	0	0	4042594
0	0	0	0	0	0	0	2591354
106614	0	0	0	0	0	0	2526834
0	0	0	0	118510	0	0	0
103976	0	0	0	0	0	0	0
0	0	0	0	491238	0	0	0
0	0	0	0	0	0	0	2706042
0	0	0	0	88694	0	0	0
0	0	7319286	7319286	7314162	0	0	0
328934	0	0	0	0	0	0	0
65536	0	0	0	0	0	0	0
0	0	0	170554	0	0	0	0
0	0	0	0	113518	0	0	0
2502656	0	0	0	0	0	0	0
0	0	0	0	117502	0	0	0
714910	0	0	0	0	0	0	0
0	0	0	0	121710	0	0	0
0	0	0	0	102114	0	0	0
0	0	0	0	72434	0	0	0
0	0	0	0	0	0	0	9866042
0	0	0	0	113518	0	0	0
0	0	0	0	98154	0	0	0
0	0	0	0	2416254	0	0	0
0	0	0	5495470	0	0	0	0
0	0	0	85806	0	0	0	0
80660	0	0	0	0	0	0	0
0	0	0	0	102010	0	0	0
1375008	0	0	0	0	0	0	0
147378	0	0	0	0	0	0	0
0	0	0	0	133746	0	0	0
0	0	0	84642	0	0	0	0
127310	0	0	0	0	0	0	0
0	0	0	0	125802	0	0	0
145182	0	0	0	0	0	0	0
0	0	0	113274	0	0	0	0
0	0	0	130978	0	0	0	0
0	0	0	167658	0	0	0	0
0	0	0	0	97122	0	0	0
0	0	0	0	0	0	0	9243170
0	0	0	110250	0	0	0	0
0	0	0	0	121710	0	0	0
131698	0	0	0	0	0	0	0
12196626	0	0	0	0	0	0	0
98618	0	0	0	0	0	0	0
0	0	0	93990	0	0	0	0
129192	0	0	0	0	0	0	0
0	0	0	0	159338	0	0	0
0	0	0	10759926	0	0	0	0
0	0	0	0	93174	0	0	0
107758	0	0	0	0	0	0	0
94698	0	0	0	0	0	0	0
0	0	0	0	98170	0	0	0
178422	0	0	0	0	0	0	0
0	0	0	0	4065890	0	0	0
87906	0	0	0	0	0	0	0
0	0	0	0	114534	0	0	0
0	0	0	81762	0	0	0	0
0	0	0	0	93178	0	0	0
0	0	0	192298	0	0	0	0
0	0	0	0	0	0	0	13573990
87800	0	0	0	0	0	0	0
90622	0	0	0	0	0	0	0
0	0	0	0	137826	0	0	0
0	0	0	0	129778	0	0	0
0	0	0	0	195314	0	0	0
0	0	0	0	0	0	0	1542778
0	0	0	0	121838	0	0	0
0	0	0	0	89974	0	0	0
0	0	0	0	81766	0	0	0
0	0	0	0	93162	0	0	0
0	0	0	0	110462	0	0	0
0	0	0	0	0	0	0	18128426
378792	0	0	0	0	0	0	0
0	0	0	0	0	0	0	3206138
0	0	0	110138	0	0	0	0
100344	0	0	0	0	0	0	0
0	0	0	0	105466	0	0	0
131072	0	0	0	0	0	0	0
0	0	0	0	73570	0	0	0
0	0	0	113258	0	0	0	0
0	0	0	77734	0	0	0	0
0	0	0	0	85750	0	0	0
0	0	0	0	105066	0	0	0
208580	0	0	0	0	0	0	0
0	0	0	0	134010	0	0	0
0	0	0	0	0	0	0	475050
111004	0	0	0	0	0	0	0
0	0	0	0	84982	0	0	0
83410	0	0	0	0	0	0	0
113200	0	0	0	0	0	0	0
0	0	0	0	0	0	0	3350058
79648	0	0	0	0	0	0	0
0	0	0	0	0	0	0	2027246
151140	0	0	0	0	0	0	0
170456	0	0	0	0	0	0	0
115004	0	0	0	0	0	0	0
0	0	0	0	0	0	0	8682418
0	0	0	0	0	0	0	764922
75258	0	0	0	0	0	0	0
0	0	0	0	77558	0	0	0
0	0	0	0	0	0	0	297590
0	0	0	118446	0	0	0	0
0	0	0	0	0	0	0	3734206
2493202	0	0	0	0	0	0	0
0	0	0	0	105066	0	0	0
128552	0	0	0	0	0	0	0
0	0	0	0	93802	0	0	0
209840	0	0	0	0	0	0	0
56354974	0	0	0	0	0	0	11074238
0	0	0	195362	0	0	0	0
0	0	0	0	73322	0	0	0
0	0	0	2898870	0	0	0	0
120990	0	0	0	0	0	0	0
0	0	0	0	126834	0	0	0
0	0	0	0	126566	0	0	0
0	0	0	0	94202	0	0	0
0	0	0	113202	0	0	0	0
0	0	0	110518	0	0	0	0
109332	0	0	0	0	0	0	0
0	0	0	0	126706	0	0	0
0	0	0	0	0	0	0	3422910
90308	0	0	0	0	0	0	0
221816	0	0	0	0	0	0	0
0	0	0	0	85998	0	0	0
0	0	0	215742	0	0	0	0
0	0	0	0	88694	0	0	0
0	0	0	72638	0	0	0	0
101456	0	0	0	0	0	0	0
167760	0	0	0	0	0	0	0
108808	0	0	0	0	0	0	0
1395070	0	0	0	0	0	0	0
0	0	0	0	179822	0	0	0
14342302	0	0	0	0	0	0	0
164470	0	0	0	0	0	0	0
0	0	0	0	133730	0	0	0
107868	0	0	0	0	0	0	0
125456	0	0	0	0	0	0	0
0	0	0	0	90086	0	0	0
0	0	0	122794	0	0	0	0
0	0	0	90026	0	0	0	0
0	0	0	0	84606	0	0	0
0	0	0	138106	0	0	0	0
109646	0	0	0	0	0	0	0
110908	0	0	0	0	0	0	0
128564	0	0	0	0	0	0	0
0	8309294	0	0	0	0	0	0
0	0	0	76450	0	0	0	0
0	0	0	0	0	0	0	1124898
0	0	0	0	77694	0	0	0
0	0	0	0	101242	0	0	0
0	0	0	0	76386	0	0	0
0	0	0	0	110198	0	0	0
121620	0	0	0	0	0	0	0
0	0	0	0	0	0	0	806754
0	0	0	0	0	0	0	1317810
109018	0	0	0	0	0	0	0
0	0	0	0	109438	0	0	0
0	0	0	146346	0	0	0	0
102716	0	0	0	0	0	0	0
0	0	0	0	146150	0	0	0
90112	0	0	0	0	0	0	64584382
0	0	0	180022	0	0	0	0
151236	0	0	0	0	0	0	0
0	0	0	0	92922	0	0	0
0	0	0	0	163446	0	0	0
112168	0	0	0	0	0	0	0
80346	0	0	0	0	0	0	0
306886	0	0	0	0	0	0	0
0	0	0	93990	0	0	0	0
0	0	0	80566	0	0	0	0
0	0	0	0	147186	0	0	0
0	0	0	73590	0	0	0	0
0	122178414	0	0	93034	0	0	0
0	0	0	0	97122	0	0	0
6818264	0	0	0	0	0	0	0
85072	0	0	0	0	0	0	0
0	0	0	0	130034	0	0	0
74360	0	0	0	0	0	0	0
0	0	0	0	93034	0	0	0
116264	0	0	0	0	0	0	0
80902	0	0	0	0	0	0	0
0	0	0	0	0	0	0	711674
100196	0	0	0	0	0	0	0
21994888	0	0	0	0	0	0	0
15320302	0	0	0	0	0	0	0
0	0	0	0	109294	0	0	0
0	0	0	0	171642	0	0	0
0	0	0	117746	0	0	0	0
0	0	0	0	80614	0	0	0
0	0	0	89854	0	0	0	0
0	0	0	0	134882	0	0	0
0	0	0	0	76670	0	0	0
113114	0	0	0	0	0	0	0
0	0	0	0	80614	0	0	0
109332	0	0	0	0	0	0	0
0	0	0	0	125666	0	0	0
0	0	0	0	0	0	0	667366
0	0	0	0	142194	0	0	0
0	0	0	0	98022	0	0	0
107128	0	0	0	0	0	0	0
0	0	0	0	174830	0	0	0
4689290	0	0	0	0	0	0	0
80976	0	0	0	0	0	0	0
0	0	0	0	143090	0	0	0
0	0	0	0	0	0	0	23493238
0	0	0	141986	0	0	0	0
156278	0	0	0	0	0	0	0
0	0	0	89854	0	0	0	0
0	0	0	154238	0	0	0	0
0	0	0	163366	0	0	0	0
0	0	0	94122	0	0	0	0
0	0	0	77614	0	0	0	0
0	0	0	26168046	0	0	0	0
0	0	4857770	0	0	0	0	0
0	0	0	0	97258	0	0	0
0	0	0	0	125554	0	0	0
0	0	0	0	159334	0	0	0
0	0	0	0	0	0	0	3772134
0	0	0	0	94202	0	0	0
0	0	0	73270	0	0	0	0
0	0	0	0	85606	0	0	0
0	0	0	0	77558	0	0	0
204800	0	0	0	0	0	0	0
0	0	0	0	97018	0	0	0
19477426	0	0	0	0	0	0	0
130442	0	0	0	0	0	0	0
0	0	0	204350	0	0	0	0
71838	0	0	0	0	0	0	0
0	0	0	0	7016306	0	0	0
87800	0	0	0	0	0	0	0
0	0	0	0	130034	0	0	0
0	0	0	110326	0	0	0	0
0	0	0	0	129642	0	0	0
0	0	0	0	0	0	0	68410
0	0	0	0	166890	0	0	0
174868	0	0	0	0	0	0	0
0	0	0	0	162410	0	0	0
131702	0	0	0	0	0	0	0
0	0	0	0	0	0	0	896750
0	0	0	0	110462	0	0	0
0	0	0	0	110574	0	0	0
0	0	0	0	105330	0	0	0
5242880	0	0	0	0	0	0	0
0	0	0	0	90110	0	0	0
331460	0	0	0	0	0	0	0
0	0	0	0	0	0	0	15231922
117838	0	0	0	0	0	0	0
0	0	0	6871594	0	0	0	6904634
108388	0	0	0	0	0	0	0
0	0	0	0	0	0	0	834362
88222	0	0	0	0	0	0	0
193458	0	0	0	0	0	0	0
0	0	0	334522	0	0	0	0
104106	0	0	0	0	0	0	0
0	0	0	0	109294	0	0	0
300582	0	0	0	0	0	0	0
0	0	0	4303778	0	0	0	0
0	0	0	0	155510	0	0	0
0	0	0	0	89974	0	0	0
0	0	0	0	122606	0	0	0
167936	0	0	0	0	0	0	0
0	0	0	0	0	0	0	11701170
0	0	0	84534	0	0	0	0
241980	0	0	0	0	0	0	0
0	0	0	93994	0	0	0	0
161950	0	0	0	0	0	0	0
0	0	0	137894	0	0	0	0
102716	0	0	0	0	0	0	0
0	0	0	266110	0	0	0	0
99088	0	0	0	0	0	0	0
0	0	0	142070	0	0	0	0
0	0	0	0	84838	0	0	0
0	0	0	0	139250	0	0	0
114140	0	0	0	0	0	0	0
0	0	0	0	98026	0	0	0
143676	0	0	0	0	0	0	0
86332	0	0	0	0	0	0	0
0	0	0	147058	0	0	0	0
117904	0	0	0	0	0	0	0
3816210	0	0	0	0	0	0	0
72468	0	0	0	0	0	0	0
75258	0	0	0	0	0	0	0
0	0	0	0	121598	0	0	0
0	0	0	106174	0	0	0	3820466
0	0	0	0	85606	0	0	0
0	0	0	0	109438	0	0	0
0	0	0	0	98170	0	0	0
0	0	0	106166	0	0	0	0
0	0	0	3534398	0	0	0	0
0	0	0	0	1378914	0	0	0
0	0	0	77502	0	0	0	0
136090	0	0	0	0	0	0	0
18933604	0	0	0	0	0	0	0
0	0	0	0	105058	0	0	0
0	105086	0	0	0	0	0	0
0	0	0	0	163702	0	0	0
0	0	0	0	113662	0	0	0
100826	0	0	0	0	0	0	0
0	0	0	0	76390	0	0	0
123512	0	0	0	0	0	0	0
80274	0	0	0	0	0	0	0
0	0	0	0	117502	0	0	0
0	0	0	0	85886	0	0	0
0	0	0	118378	0	0	0	0
111538	0	0	0	0	0	0	0
89480	0	0	0	0	0	0	0
0	0	0	0	0	0	0	909226
103976	0	0	0	0	0	0	0
0	0	0	0	93178	0	0	0
84442	0	0	0	0	0	0	0
0	0	0	102182	0	0	0	0
0	0	0	0	98026	0	0	0
0	0	0	0	277366	0	0	0
106812	0	0	0	0	0	0	0
0	0	0	0	125554	0	0	0
0	0	0	0	85606	0	0	0
0	0	0	0	126706	0	0	0
78140	0	0	28080882	0	0	0	0
0	0	0	0	98154	0	0	0
0	0	0	0	106090	0	0	0
0	0	0	0	105466	0	0	0
102400	0	0	0	0	0	0	0
0	0	0	159526	0	0	0	0
0	0	0	0	92922	0	0	0
0	0	0	77734	0	0	0	0
0	0	0	77370	0	0	0	0
0	0	0	0	118766	0	0	0
0	0	0	0	159334	0	0	0
0	0	0	241210	0	0	0	0
0	0	0	101046	0	0	0	0
0	0	0	0	1264486	0	0	0
0	0	0	0	97258	0	0	0
0	0	0	0	146038	0	0	0
0	0	0	0	163702	0	0	0
4076150	0	0	0	0	0	0	0
204168	0	0	0	0	0	0	0
790194	0	0	0	0	0	0	0
0	0	0	0	490234	0	0	0
0	0	0	0	85750	0	0	0
255214	0	0	0	0	0	0	0
0	0	0	0	2034290	0	0	0
0	16444078	0	0	0	0	0	0
0	0	0	0	122878	0	0	0
151238	0	0	0	0	0	0	0
0	0	0	0	0	0	0	695102
103976	0	0	0	0	0	0	0
0	0	0	97830	0	0	0	0
0	0	0	138234	0	0	0	0
0	0	0	0	154342	0	0	0
0	0	0	76534	0	0	0	0
0	0	0	0	125666	0	0	0
418424	0	0	0	0	0	0	0
0	0	0	0	0	0	0	11194086
0	0	0	0	240366	0	0	248442
0	0	0	0	200698	0	0	0
0	0	0	25149242	0	0	0	0
293338	0	0	0	0	0	0	0
115950	0	0	0	0	0	0	0
0	0	0	0	94202	0	0	0
0	0	0	126630	0	0	0	0
22368572	0	0	0	0	0	0	0
141154	0	0	0	0	0	0	0
0	0	0	0	363242	0	0	0
0	0	0	0	0	0	0	13668194
88852	0	0	0	0	0	0	0
0	12889070	0	0	0	0	0	0
0	0	0	0	146150	0	0	0
110908	0	0	0	0	0	0	0
0	24207358	0	0	0	0	0	0
0	0	0	0	131058	0	0	0
0	0	0	0	105066	0	0	0
0	0	0	0	2875006	0	0	0
80030	0	0	0	0	0	0	0
0	0	0	0	114286	0	0	0
116580	0	0	0	0	0	0	0
0	0	0	0	13622014	0	0	0
0	0	0	0	101098	0	0	0
90112	0	0	0	0	0	0	0
117276	0	0	0	0	0	0	0
113114	0	0	0	0	0	0	0
221184	0	0	0	0	0	0	0
96414	0	0	0	0	0	0	0
152082	0	0	0	0	0	0	0
88852	0	0	0	0	0	0	0
0	0	0	0	134114	0	0	0
0	0	0	106290	0	0	0	0
100826	0	0	0	0	0	0	0
0	0	0	0	110462	0	0	0
0	0	0	73534	0	0	0	0
3934680	0	0	0	0	0	0	0
75302	0	0	0	0	0	0	0
123826	0	0	0	0	0	0	0
0	0	0	0	0	0	0	19839678
0	0	0	0	125666	0	0	0
159920	0	0	0	0	0	0	920098
0	0	0	0	129890	0	0	0
0	0	0	0	0	0	0	4131518
138632	0	0	0	0	0	0	0
102852	0	0	0	0	0	0	0
203854	0	0	0	0	0	0	0
0	0	0	0	73714	0	0	0
0	0	0	0	114282	0	0	0
77510	0	0	0	0	0	0	0
0	0	0	981874	0	0	0	0
164472	0	0	0	0	0	0	0
0	0	0	252850	0	0	0	0
100826	0	0	0	0	0	0	0
87592	0	0	0	0	0	0	0
0	0	0	0	133746	0	0	0
0	0	0	69602	0	0	0	0
0	0	0	0	0	0	0	1084094
0	0	0	0	97258	0	0	0
0	0	0	0	0	0	0	138034
0	0	0	0	0	0	0	12418986
69612	0	0	0	0	0	0	0
0	0	0	0	133746	0	0	0
122566	0	0	0	0	0	0	0
127328	0	0	0	0	0	0	0
0	0	0	0	110574	0	0	0
0	0	0	0	0	0	0	904818
0	0	0	0	0	0	0	2190886
0	0	0	0	11504378	0	0	0
0	0	0	0	76386	0	0	0
0	0	0	0	106346	0	0	0
117840	0	0	0	0	0	0	0
0	0	0	0	96874	0	0	0
0	0	0	0	0	0	0	12652270
0	0	0	101046	0	0	0	0
0	0	0	0	3546082	0	0	0
144304	0	0	0	0	0	0	0
83812	0	0	0	0	0	0	0
139850	0	0	0	0	0	0	0
0	0	0	0	0	0	0	5492578
0	0	0	0	0	0	0	1076850
0	0	0	0	122494	0	0	0
0	0	0	0	89830	0	0	0
2586780	0	0	0	0	0	0	0
85700	0	0	0	0	0	0	0
385692	0	0	0	0	0	0	0
0	0	0	76726	0	0	0	0
0	0	0	109498	0	0	0	0
0	0	0	0	0	0	0	20700962
94524	0	0	0	0	0	0	0
0	0	0	0	0	0	0	19283882
0	0	0	0	170978	0	0	0
0	0	0	0	92914	0	0	0
165100	0	0	0	0	0	0	0
93264	0	0	0	0	0	0	0
0	0	0	0	192242	0	0	0
0	0	0	0	98154	0	0	0
133906	0	0	0	0	0	0	0
0	0	0	0	77558	0	0	0
0	0	0	142306	0	0	0	0
0	0	0	0	0	0	0	9288626
109124	0	0	0	0	0	0	0
0	0	0	117302	0	0	0	0
0	0	0	0	0	0	0	24156790
97522	0	0	0	0	0	0	0
90504	0	0	0	0	0	0	0
1634638	0	0	0	0	0	0	0
0	0	0	0	113662	0	0	0
141154	0	0	0	0	0	0	0
0	0	0	0	16513890	0	0	0
73728	0	0	0	0	0	0	0
0	0	0	0	129790	0	0	0
92634	0	0	0	0	0	0	0
0	0	0	0	0	0	0	7969598
0	0	0	0	204394	0	0	0
0	0	0	0	96890	0	0	0
94664	0	0	0	0	0	0	0
0	0	0	0	101362	0	0	0
118090	0	0	0	0	0	0	0
0	0	0	0	81514	0	0	0
0	0	0	0	101238	0	0	0
0	0	0	0	2920298	0	0	0
103346	0	0	0	0	0	0	0
133906	0	0	0	0	0	0	0
170772	0	0	0	0	0	0	0
0	0	0	0	0	0	0	113470
0	0	0	0	0	0	0	11950626
0	0	0	1907634	105466	0	0	0
97208	0	0	0	0	0	0	0
132952	0	0	0	0	0	0	0
104106	0	0	0	0	0	0	0
76250	0	0	0	0	0	0	0
138912	0	0	0	0	0	0	0
87382	0	0	0	0	0	0	0
0	0	0	0	0	0	0	289398
141684	0	0	0	0	0	0	0
12921252	0	0	0	0	0	0	0
0	0	0	138234	0	0	0	0
0	0	0	0	84838	0	0	0
14036618	0	0	0	0	0	0	0
0	0	0	0	166890	0	0	0
2417934	0	0	0	0	0	0	0
0	0	0	0	97254	0	0	0
0	0	0	0	77670	0	0	0
0	0	0	0	134882	0	0	0
0	0	0	97190	0	0	0	0
0	0	0	0	84982	0	0	0
0	0	0	0	4247422	0	0	0
112484	0	0	0	0	0	0	0
0	0	0	0	0	0	0	695218
0	0	2252450	0	0	0	0	0
125428	0	0	0	0	0	0	0
0	0	0	0	0	0	0	4480750
5074628	0	0	0	0	0	0	0
0	0	0	0	138098	0	0	0
0	0	0	0	0	0	0	13913830
76250	0	0	0	0	0	0	0
0	0	0	0	0	0	0	269870
138632	0	0	0	0	0	0	0
0	0	0	0	84982	0	0	0
0	0	0	0	121710	0	0	0
0	0	0	102194	0	0	0	0
0	0	0	179774	0	0	0	0
103662	0	0	0	0	0	0	0
69318	0	0	0	0	0	0	0
0	0	0	225190	0	0	0	0
0	0	0	0	93802	0	0	0
171400	0	0	0	0	0	0	0
0	0	0	0	0	0	0	4087410
115634	0	0	0	0	0	0	0
0	0	0	0	89974	0	0	0
164472	0	0	0	0	0	0	0
0	0	0	114402	0	0	0	0
143674	0	0	0	0	0	0	0
0	0	0	0	0	0	0	1309550
0	0	0	0	106090	0	0	0
0	0	0	0	154342	0	0	0
6019546	0	0	0	0	0	0	0
131072	0	0	0	0	0	0	0
455288	0	0	0	0	0	0	0
102716	0	0	0	0	0	0	0
0	0	0	0	0	0	0	4180542
0	0	0	0	970622	0	0	0
0	0	0	0	0	0	0	3010286
0	0	0	0	113662	0	0	0
0	0	0	0	0	0	0	1847090
0	0	0	0	84734	0	0	0
0	0	0	0	106090	0	0	0
107758	0	0	0	0	0	0	0
0	0	0	0	5852918	0	0	0
0	0	0	0	126690	0	0	0
0	0	0	0	0	0	0	2579110
161004	0	0	0	0	0	0	0
0	0	0	4946674	0	0	0	0
0	0	0	0	23124734	0	0	0
2226334	0	0	0	0	0	0	0
0	0	0	0	97266	0	0	0
0	0	0	0	97006	0	0	0
0	0	0	0	0	0	0	19053366
0	0	0	474934	0	0	0	0
109962	0	0	0	0	0	0	0
0	0	0	142114	122878	0	0	0
0	0	0	0	73714	0	0	0
0	0	0	0	142194	0	0	0
0	0	0	0	0	0	0	13499050
0	0	0	0	0	0	0	6998902
152496	0	0	0	0	0	0	0
93894	0	0	0	0	0	0	0
0	0	0	68138	0	0	0	0
0	0	0	0	125694	0	0	0
0	0	0	0	0	0	0	14864102
0	0	0	122622	0	0	0	0
0	0	0	0	122742	0	0	0
0	0	0	0	4542054	0	0	0
131072	0	0	0	0	0	0	0
81920	0	0	0	0	0	0	0
86962	0	0	0	0	0	0	0
0	0	0	0	0	0	0	9009854
241664	0	0	0	0	0	0	0
0	0	0	794294	0	0	0	0
68656	0	0	0	0	0	0	0
0	0	0	0	146282	0	0	0
0	0	0	0	0	0	0	23957030
96414	0	0	0	0	0	0	0
0	0	0	0	0	0	0	765794
0	0	0	0	146150	0	0	0
81530	0	0	0	0	0	0	0
0	0	0	0	0	0	0	3517990
0	0	0	0	98026	0	0	0
113428	0	0	0	0	0	0	0
0	0	0	0	0	0	0	8989218
11155474	0	0	0	0	0	0	0
0	97198	0	0	0	0	0	0
0	0	0	2584178	2583402	0	0	0
0	0	0	0	125802	0	0	0
6297126	0	0	0	0	0	0	0
13686312	0	0	0	0	0	0	0
91058	0	0	0	0	0	0	0
0	0	0	0	0	0	0	10596198
86648	0	0	0	0	0	0	0
0	0	0	293618	0	0	0	0
0	0	0	145970	0	0	0	0
127608	0	0	0	0	0	0	0
0	0	0	0	89830	0	0	0
0	0	0	88702	0	0	0	0
0	0	0	0	100962	0	0	0
0	0	0	155638	0	0	0	0
0	0	0	2988858	3006462	0	0	0
0	0	0	105406	0	0	0	0
98304	0	0	0	0	0	0	0
259624	0	0	0	0	0	0	0
0	0	0	0	0	0	0	331502
0	0	0	117602	0	0	0	0
0	0	0	0	0	0	0	21568242
0	0	0	0	159334	0	0	0
0	0	0	97010	0	0	0	0
0	0	0	0	84982	0	0	0
0	0	0	129778	0	0	0	0
0	0	0	0	88806	0	0	0
144936	0	0	0	0	0	0	0
105552	0	0	0	0	0	0	0
0	0	0	0	98154	0	0	0
0	0	0	0	121598	0	0	0
0	0	0	77414	0	0	0	0
0	0	0	0	0	0	0	322482
0	0	0	89341502	109430	0	0	0
290500	0	0	0	0	0	0	0
93578	0	0	0	0	0	0	0
0	0	0	0	118766	0	0	0
25063738	0	0	0	0	0	0	0
74990	0	0	0	0	0	0	0
0	0	0	0	3288818	0	0	0
0	0	0	0	110574	0	0	0
1229820	0	0	0	0	0	0	0
0	0	0	129658	0	0	0	0
71208	0	0	0	0	0	0	0
110908	0	0	0	0	0	0	0
0	0	0	0	0	0	0	1986150
0	0	0	0	159602	0	0	0
75570	0	0	0	0	0	0	0
0	0	0	0	184190	0	0	0
82552	0	0	0	0	0	0	0
0	0	0	0	179198	0	0	0
0	0	0	330750	0	0	0	0
92190	0	0	0	0	0	0	0
0	0	0	0	80614	0	0	0
0	0	0	0	102010	0	0	0
0	93038	0	0	0	0	0	0
0	0	0	0	93802	0	0	0
129182	0	0	0	0	0	0	0
0	0	0	0	0	0	0	949798
0	0	0	0	151286	0	0	0
0	0	0	0	0	0	0	68602
0	0	0	0	0	0	0	6590206
0	0	0	0	289782	0	0	0
0	0	0	97010	0	0	0	0
196608	0	0	0	0	0	0	0
0	0	0	0	22600686	0	0	22629370
0	0	0	797474	0	0	0	0
0	0	0	0	77558	0	0	0
81606	0	0	0	0	0	0	0
0	0	0	0	195426	0	0	0
103346	0	0	0	0	0	0	0
0	0	0	162674	0	0	0	0
0	0	0	0	2767586	0	0	2808634
0	0	0	0	105466	0	0	0
0	167726	0	0	0	0	0	0
75620	0	0	0	0	0	0	0
0	0	0	0	0	0	0	5192626
0	0	0	0	98170	0	0	0
0	0	0	0	225278	0	0	0
0	0	0	0	106482	0	0	0
143674	0	0	0	0	0	0	0
0	0	0	0	84982	0	0	0
2118474	0	0	0	0	0	0	0
0	0	0	117734	0	0	0	0
0	0	0	0	134114	0	0	0
0	0	0	0	151286	0	0	0
0	0	0	5189222	0	0	0	0
0	0	0	0	81654	0	0	0
93264	0	0	0	0	0	0	0
0	0	0	0	1134318	0	0	0
0	0	0	0	89974	0	0	0
0	0	0	0	601954	0	0	0
0	0	0	0	93938	0	0	0
84440	0	0	0	0	0	0	0
95470	0	0	0	0	0	0	0
125428	0	0	0	0	0	0	0
81290	0	0	0	0	0	0	0
90744	0	0	0	0	0	0	0
139264	0	0	0	0	0	0	0
7081984	0	0	0	0	0	0	0
131072	0	0	0	0	0	0	0
96414	0	0	0	0	0	0	0
134222	0	0	0	0	0	0	0
206690	0	0	0	0	0	0	0
0	0	0	138814	0	0	0	0
0	0	0	138042	0	0	0	0
88222	0	0	0	0	0	0	0
0	0	0	0	6171618	0	0	0
0	0	0	0	126690	0	0	0
149346	0	0	0	0	0	0	0
92004	0	0	0	0	0	0	0
254584	0	0	0	0	0	0	0
0	0	0	0	0	0	0	3522210
111538	0	0	0	0	0	0	0
0	0	0	0	0	0	0	1015734
127290	0	0	0	0	0	0	0
125716	0	0	0	0	0	0	0
0	0	0	0	89830	0	0	0
0	0	0	0	0	0	0	16464754
0	0	0	0	0	0	0	408122
8838854	0	0	0	0	0	0	0
94840	0	0	0	0	0	0	0
0	0	0	0	80614	0	0	0
184006	0	0	0	0	0	0	0
0	0	0	0	0	0	0	2755378
85482	0	0	0	0	0	0	0
4060712	0	0	0	0	0	0	0
0	307134	0	0	0	0	0	0
93264	0	0	0	0	0	0	0
0	0	0	0	73570	0	0	0
0	0	2559726	0	0	0	0	0
0	0	0	0	76390	0	0	0
0	0	0	23415530	0	0	0	0
80030	0	0	0	0	0	0	0
0	0	0	0	0	0	0	6795110
0	0	0	0	7176042	0	0	0
179592	0	0	0	0	0	0	0
0	0	0	80826	0	0	0	0
0	0	0	93034	0	0	0	0
0	0	0	150370	0	0	0	0
129818	0	0	0	0	0	0	0
0	0	0	0	0	0	25947134	0
0	0	0	0	732134	0	0	0
0	0	0	0	94178	0	0	0
0	0	0	0	92786	0	0	0
0	0	0	0	257762	0	0	0
0	0	0	0	0	0	0	11877182
110378	0	0	0	0	0	0	0
0	0	0	114614	0	0	0	0
0	0	0	2379758	0	0	0	0
7630396	0	0	0	0	0	0	0
126056	0	0	0	0	0	0	0
92376	0	0	0	0	0	0	0
213540	0	0	0	0	0	0	0
0	0	0	0	1740410	0	0	0
0	0	0	0	97258	0	0	0
0	0	0	0	0	0	0	4283186
0	0	0	0	2644598	0	0	0
0	0	0	0	121710	0	0	0
0	0	0	69566	0	0	0	0
161800	0	0	0	0	0	0	0
0	11063214	0	0	0	0	0	0
0	0	0	0	89974	0	0	0
67408	0	0	0	0	0	0	0
0	0	0	0	88694	0	0	0
0	0	0	0	0	0	0	1142310
78078	0	0	0	0	0	0	0
0	0	0	9764770	0	0	0	0
0	0	0	0	125946	0	0	0
96100	0	0	0	0	0	0	0
0	0	0	0	110462	0	0	0
0	0	0	0	92922	0	0	0
0	0	0	0	77558	0	0	0
0	0	0	81590	0	0	0	0
0	0	0	0	84982	0	0	0
91128	0	0	0	0	0	0	0
0	0	0	106170	535526	0	0	0
0	0	0	0	101098	0	0	0
0	0	0	0	102258	0	0	0
0	0	0	0	89070	0	0	0
0	0	0	0	134114	0	0	0
76772	0	0	0	0	0	0	0
0	0	0	0	93158	0	0	0
0	0	0	109218	0	0	0	0
102716	0	0	0	0	0	0	0
0	0	0	97010	0	0	0	0
0	0	0	2046770	93922	0	0	0
0	0	0	0	97910	0	0	0
0	0	0	88874	98154	0	0	0
96120	0	0	0	0	0	0	0
0	0	0	0	81518	0	0	0
0	0	0	110382	0	0	0	0
0	0	0	0	0	0	0	4259754
0	0	0	77370	0	0	0	0
177884	0	0	0	0	0	0	0
0	0	0	0	102114	0	0	0
0	0	0	0	0	0	0	13839910
0	0	0	110314	0	0	0	0
0	0	0	0	138210	0	0	0
0	0	0	114354	0	0	0	0
86132	0	0	0	0	0	0	0
225630	0	0	0	0	0	0	0
0	0	0	0	93178	0	0	0
0	0	0	191470	0	0	0	0
127938	0	0	0	0	0	0	0
0	0	0	101026	0	0	0	0
109750	0	0	0	0	0	0	0
0	0	0	0	80754	0	0	0
0	0	0	0	109182	0	0	0
0	0	0	0	244734	0	0	252450
248032	900670	0	0	0	0	0	0
0	0	0	0	118654	0	0	0
204446	0	0	0	0	0	0	0
0	0	0	0	0	0	0	6490742
0	0	0	0	105466	0	0	0
0	0	0	0	166498	0	0	0
215110	0	0	0	0	0	0	0
115708	0	0	0	0	0	0	0
11965360	0	0	0	0	0	0	0
0	0	0	0	163702	0	0	0
0	0	0	0	84982	0	0	0
0	0	0	0	76386	0	0	0
0	0	0	0	138874	0	0	0
232528	0	0	0	0	0	0	0
0	0	0	0	89070	0	0	0
0	0	0	14740462	0	0	0	0
0	0	0	77818	0	0	0	0
0	0	0	0	113662	0	0	0
0	0	0	0	993918	0	0	0
0	0	0	0	0	0	0	466858
0	0	0	0	90086	0	0	0
0	0	0	0	0	0	0	7712486
0	0	0	174882	0	0	0	0
0	0	0	175990	0	0	0	0
0	0	0	0	134882	0	0	0
108604	0	0	0	0	0	0	0
0	0	0	0	0	0	0	3521342
0	0	0	0	203634	0	0	0
0	0	0	23313014	0	0	0	0
97044	0	0	0	0	0	0	0
0	0	0	0	72434	0	0	0
0	0	0	0	118518	0	0	0
0	0	0	85942	0	0	0	0
0	0	0	0	146150	0	0	0
0	0	0	0	3354466	0	0	0
0	0	0	0	154230	0	0	0
124174	0	0	0	0	0	0	0
0	0	0	0	88694	0	0	0
0	0	0	0	121710	0	0	0
0	0	0	0	114430	0	0	0
0	0	0	0	130658	0	0	0
100344	0	0	0	0	0	0	0
0	0	0	0	232426	0	0	0
0	0	0	0	252646	0	0	0
101426	1736702	0	0	0	0	0	0
0	0	0	0	4968318	0	0	0
0	0	0	0	72434	0	0	0
0	0	0	0	77558	0	0	0
0	0	0	0	89070	0	0	0
0	0	0	0	80614	0	0	0
0	0	0	3906422	0	0	0	0
0	0	0	0	125554	0	0	0
64910	0	0	0	0	0	0	0
112886	0	0	0	0	0	0	0
0	0	0	1449594	134882	0	0	0
0	0	0	85550	0	0	0	41503738
2500716	0	0	0	0	0	0	0
0	0	0	0	106346	0	0	0
0	0	0	0	286582	0	0	0
0	0	0	0	592482	0	0	0
0	0	0	4177902	0	0	0	0
118844	0	0	0	0	0	0	0
