26056674	0	0	0	0	0	0	0
9844824	0	0	0	0	0	0	0
77510	0	0	0	0	0	0	0
0	0	0	0	141922	0	0	0
0	0	0	0	395874	0	0	0
84664	0	0	0	0	0	0	0
0	0	0	0	146282	0	0	0
0	4897726	0	0	0	0	0	0
0	0	0	0	269282	0	0	0
0	0	0	0	94198	0	0	0
0	0	0	0	134770	0	0	0
0	0	0	1969918	0	0	0	0
185320	0	0	0	0	0	0	0
0	0	0	0	76526	0	0	0
0	0	0	0	84846	0	0	0
0	0	0	0	97018	0	0	0
99880	0	0	0	0	0	0	0
0	4820654	0	0	113526	0	0	0
125402	0	0	0	0	0	0	0
0	0	0	0	0	0	0	20508398
0	0	0	0	0	0	0	1489842
0	0	0	0	118654	0	0	0
96580	0	0	0	0	0	0	0
2631522	0	0	0	0	0	0	38247230
0	0	0	135030	0	0	0	0
2633096	0	0	0	0	0	0	0
0	0	0	110250	0	0	0	0
80902	0	0	0	0	0	0	0
0	0	0	0	0	0	0	3329018
0	0	0	0	77558	0	0	0
2117220	0	0	0	0	0	0	0
187246	0	0	0	0	0	0	0
0	0	0	94182	0	0	0	0
0	0	0	0	77558	0	0	0
0	0	0	5036778	0	0	0	0
0	0	0	171582	0	0	0	0
0	0	0	138042	0	0	0	0
122250	0	0	0	0	0	0	0
81290	0	0	0	0	0	0	0
0	0	0	0	241534	0	0	0
0	0	0	0	88694	0	0	0
0	0	0	0	80750	0	0	0
0	0	0	0	277362	0	0	0
109018	0	0	0	0	0	0	0
0	0	0	25014198	0	0	0	0
107868	0	0	0	0	0	0	0
85386	0	0	0	0	0	0	0
0	0	0	0	129890	0	0	0
70264	0	0	0	0	0	0	0
0	0	0	0	88694	0	0	0
0	0	0	109370	0	0	0	0
0	0	0	0	98290	0	0	0
8721958	0	0	0	0	0	0	0
0	0	0	0	834414	0	0	0
0	0	0	0	0	0	0	1216354
125402	0	0	0	0	0	0	0
0	0	0	208574	0	0	0	0
0	0	0	151462	0	0	0	0
0	0	0	0	0	0	0	21101490
149886	0	0	0	0	0	0	0
0	0	0	0	158694	0	0	0
117210	0	0	0	0	0	0	0
0	0	0	0	122606	0	0	0
0	0	0	0	121598	0	0	0
0	0	0	0	125666	0	0	0
77766	0	0	0	0	0	0	0
0	0	0	0	96874	0	0	0
0	0	0	130978	0	0	0	858938
89482	0	0	0	0	0	0	0
0	0	0	109238	0	0	0	0
0	0	0	1171426	142194	0	0	0
0	0	0	114614	0	0	0	0
0	0	0	0	642942	0	0	0
105236	0	0	0	0	0	0	0
2211526	0	0	0	0	0	0	0
0	0	0	77734	0	0	0	0
0	0	0	0	81518	0	0	0
0	0	0	0	93802	0	0	0
0	0	0	0	106106	0	0	0
93894	0	0	0	0	0	0	0
116264	0	0	0	0	0	0	0
0	0	0	2038778	0	0	0	0
96414	0	0	0	0	0	0	0
21225788	0	0	0	0	0	0	0
0	0	0	0	138210	0	0	0
0	0	0	0	0	0	0	782054
124142	0	0	0	0	0	0	0
0	0	0	0	199282	0	0	0
0	0	0	0	93938	0	0	0
0	0	0	0	73570	0	0	0
0	0	0	0	80614	0	0	0
0	0	0	0	81766	0	0	0
0	0	0	109230	0	0	0	0
100196	0	0	0	0	0	0	0
0	0	0	0	102394	0	0	0
76198	0	0	0	0	0	0	0
0	0	0	93798	0	0	0	0
109018	0	0	0	0	0	0	0
138632	0	0	0	0	0	0	0
0	0	0	134910	0	0	0	0
127938	0	0	0	0	0	0	0
0	0	0	0	375526	0	0	0
0	0	0	613354	0	0	0	0
0	0	0	0	89726	0	0	0
0	0	0	0	126706	0	0	0
0	0	0	0	138098	0	0	0
132952	0	0	0	0	0	0	0
0	0	0	110518	0	0	0	0
0	17227646	0	0	0	0	0	0
0	0	0	174906	0	0	0	0
202224	0	0	0	0	0	0	0
0	0	0	0	105066	0	0	0
0	117294	0	0	0	0	0	0
0	0	0	543282	0	0	0	0
117276	0	0	0	0	0	0	0
0	0	0	0	129890	0	0	0
0	0	0	0	93922	0	0	0
211032	0	0	0	0	0	0	0
0	0	0	0	143202	0	0	0
0	0	0	0	88942	0	0	0
112886	0	0	0	0	0	0	0
0	0	0	236090	0	0	0	0
117524	0	0	0	0	0	0	0
0	0	0	0	223998	0	0	0
0	0	0	0	89974	0	0	0
194728	0	0	0	0	0	0	0
139538	0	0	0	0	0	0	0
0	0	0	0	0	0	0	756658
0	0	0	0	0	0	0	2837026
0	0	0	0	0	0	0	3516962
116022	0	0	0	0	0	0	0
0	0	0	0	93034	0	0	0
0	0	0	0	77666	0	0	0
0	0	0	0	151142	0	0	0
115708	0	0	0	0	0	0	0
0	0	0	0	102394	0	0	0
109750	0	0	0	0	0	0	0
0	0	0	0	76390	0	0	0
94072	0	0	0	0	0	0	0
194728	0	0	0	0	0	0	0
0	0	0	0	118510	0	0	0
152606	0	0	0	0	0	0	0
89054	0	0	0	0	0	0	0
102224	0	0	0	0	0	0	0
3389912	0	0	0	0	0	0	0
0	0	0	0	8284898	0	0	0
0	0	0	0	76390	0	0	0
0	0	0	0	93158	0	0	0
0	0	0	114490	0	0	0	0
0	0	0	93802	0	0	0	0
72122	0	0	0	0	0	0	0
0	0	0	24927978	0	0	0	0
85292	0	0	0	0	0	0	0
0	0	0	3591726	0	0	0	0
0	0	0	0	98026	0	0	0
0	0	0	0	159734	0	0	0
0	0	0	0	302074	0	0	0
298694	0	0	0	0	0	0	0
127292	0	0	0	0	0	0	0
0	0	0	0	84982	0	0	0
0	0	0	0	208626	0	0	0
0	0	0	0	101242	0	0	0
0	0	0	0	80614	0	0	0
238200	0	0	0	0	0	0	0
0	0	0	0	84982	0	0	0
0	0	0	0	0	0	0	822894
0	0	0	92710	0	0	0	0
265906	0	0	0	0	0	0	0
0	0	0	0	117374	0	0	0
0	0	0	0	113662	0	0	0
0	0	0	0	192370	0	0	0
0	0	0	0	109294	0	0	0
0	0	0	98018	0	0	0	0
0	0	0	0	77806	0	0	0
134206	0	0	0	0	0	0	0
96580	0	0	0	0	0	0	0
212046	0	0	0	0	0	0	0
0	0	0	0	90086	0	0	0
0	0	0	0	0	0	0	3840702
0	0	0	0	101242	0	0	0
0	0	0	0	126970	0	0	0
312630	0	0	0	0	0	0	0
74358	0	0	0	0	0	0	0
0	0	0	129958	0	0	0	0
239460	0	0	0	0	0	0	0
0	0	0	6937530	0	0	0	0
178506	0	0	0	0	0	0	0
0	0	0	244274	0	0	0	0
108604	0	0	0	0	0	0	0
101738	0	0	0	0	0	0	0
77140	0	0	0	0	0	0	0
0	0	0	0	117374	0	0	0
0	0	0	0	77430	0	0	0
0	0	0	0	184046	0	0	0
255246	0	0	0	0	0	0	0
0	0	0	0	81518	0	0	0
0	0	0	0	94202	0	0	0
0	0	0	0	109438	0	0	0
0	0	0	0	125554	0	0	0
71806	0	0	0	0	0	0	0
0	0	0	0	0	0	0	21043830
88114	0	0	0	0	0	0	0
0	0	0	0	114662	0	0	0
111538	0	0	0	0	0	0	0
0	0	0	0	0	0	0	19991158
0	0	0	0	81766	0	0	0
0	0	0	0	0	0	0	5143474
0	0	0	80686	0	0	0	84602
0	0	0	130606	0	0	0	0
0	0	0	0	0	0	0	1793766
0	0	0	80686	0	0	0	0
89054	0	0	0	0	0	0	0
107242	0	0	0	0	0	0	0
78394	0	0	0	0	0	0	0
0	0	0	0	122742	0	0	0
0	0	0	0	126834	0	0	0
169014	0	0	0	0	0	0	0
190622	0	0	0	0	0	0	0
138596	0	0	0	0	0	0	0
0	0	0	0	101242	0	0	0
87382	0	0	0	0	0	0	0
0	0	0	101946	0	0	0	0
0	0	0	0	80614	0	0	0
126684	0	0	0	0	0	0	0
74276	0	0	0	0	0	0	0
0	0	0	105018	0	0	0	0
1444942	0	0	0	71686774	0	0	0
0	0	0	0	0	0	0	211646
82470	0	0	0	0	0	0	0
86546	0	0	0	0	0	0	0
0	0	0	0	0	0	0	4509414
0	0	0	0	0	0	0	4831866
108496	0	0	0	0	0	0	0
0	0	0	105126	0	0	0	0
0	0	0	0	0	0	0	383806
0	0	0	0	114286	0	0	0
0	0	0	0	81654	0	0	0
0	0	0	114354	0	0	0	0
138596	0	0	0	0	0	0	0
0	0	0	0	89974	0	0	0
0	0	0	0	109438	0	0	91012650
0	0	0	0	81654	0	0	0
0	0	0	0	101114	0	0	0
199116	0	0	0	0	0	0	0
0	0	0	0	97258	0	0	0
0	0	0	0	150270	0	0	0
0	0	0	0	150374	0	0	0
0	0	0	0	0	0	0	830458
0	0	0	1248046	0	0	0	0
0	0	0	0	0	0	0	21859130
0	0	0	76402	97122	0	0	0
0	0	0	0	17301370	0	0	0
0	0	0	0	122494	0	0	0
72750	0	0	0	0	0	0	0
0	0	0	0	98170	0	0	0
0	0	0	0	101242	0	0	0
0	0	0	0	146150	0	0	0
0	0	0	0	125554	0	0	28692326
0	0	0	0	106234	0	0	0
0	0	0	0	131058	0	0	0
96414	0	0	0	0	0	0	0
121666	0	0	0	0	0	0	0
0	0	0	0	90086	0	0	0
0	0	0	264830	0	0	0	0
121666	0	0	0	0	0	0	0
0	0	0	0	154230	0	0	0
0	0	0	0	117502	0	0	0
0	0	0	69354	0	0	0	0
565366	0	0	0	0	0	0	0
0	0	0	0	80614	0	0	0
107980	0	0	0	0	0	0	0
0	0	0	0	0	0	0	715770
127624	0	0	0	0	0	0	0
0	0	0	0	89974	0	0	0
0	9972526	0	0	0	0	0	0
13488128	0	0	0	0	0	0	0
0	0	0	0	118510	0	0	0
0	0	0	0	129890	0	0	0
0	0	0	0	110462	0	0	0
0	0	0	0	102010	0	0	0
0	0	0	0	130794	0	0	0
0	0	0	0	0	0	0	7199738
131072	0	0	0	0	0	0	0
0	0	0	0	3656318	0	0	0
16830150	0	0	0	0	0	0	0
75620	0	0	0	0	0	0	0
172032	0	0	0	0	0	0	0
0	0	0	0	76662	0	0	0
0	0	0	0	0	0	0	1572778
0	0	0	3398506	0	0	0	0
141784	0	0	0	0	0	0	0
0	0	0	110198	0	0	0	0
0	0	0	109498	0	0	0	0
0	0	0	14851002	0	0	0	0
0	0	0	0	118510	0	0	0
116648	0	0	0	0	0	0	0
4742222	0	0	0	0	0	0	0
0	0	0	0	105066	0	0	0
0	0	0	0	80614	0	0	0
0	0	0	0	81654	0	0	0
0	0	0	105126	0	0	0	0
118784	0	0	0	0	0	0	0
196608	0	0	0	0	0	0	0
0	0	0	0	0	0	0	9776750
0	0	0	101946	0	0	0	0
124174	0	0	0	0	0	0	0
5111182	0	0	0	0	0	0	0
0	0	0	141922	101242	0	0	0
85702	0	0	0	0	0	0	0
2376544	0	0	0	0	0	0	0
153756	0	0	0	0	0	0	0
0	0	0	0	118654	0	0	0
0	0	0	0	125690	0	0	0
93444	0	0	0	0	0	0	0
0	0	0	0	3977194	0	0	0
0	0	0	0	114430	0	0	0
0	0	0	0	134882	0	0	0
19667100	0	0	0	0	0	0	0
73728	0	0	0	0	0	0	0
101284	0	0	0	0	0	0	0
0	0	0	0	163690	0	0	0
0	0	0	0	0	0	0	1927714
0	0	0	0	150518	0	0	0
0	0	0	0	241642	0	0	0
108072	0	0	0	0	0	0	0
81530	0	0	0	0	0	0	0
76826	0	0	0	0	0	0	0
114688	0	0	0	0	0	0	0
0	0	0	114490	0	0	0	0
67742	0	0	0	0	0	0	0
0	0	0	109366	0	0	0	0
0	0	0	0	184190	0	0	0
0	0	0	8506158	0	0	0	0
123512	0	0	0	0	0	0	0
0	0	0	0	110462	0	0	0
110908	0	0	0	0	0	0	0
103976	0	0	0	0	0	0	0
88428	0	0	0	0	0	0	0
0	0	0	0	97266	0	0	0
155648	0	0	0	0	0	0	0
170896	0	0	0	0	0	0	0
0	0	0	17722026	0	0	0	0
92948	0	0	0	0	0	0	0
112798	0	0	0	0	0	0	0
0	0	0	0	101354	0	0	0
0	0	0	0	3293154	0	0	0
101456	0	0	0	0	0	0	0
0	0	0	80626	0	0	0	0
2087118	0	0	0	0	0	0	0
0	0	0	0	1355754	0	0	0
93264	0	0	0	0	0	0	0
0	0	0	0	77558	0	0	0
0	0	0	0	0	0	0	752162
0	0	0	85682	0	0	0	0
81288	0	0	0	0	0	0	0
0	0	0	126846	0	0	0	0
131072	0	0	0	0	0	0	0
86962	0	0	0	0	0	0	0
0	0	0	13893622	0	0	0	0
139540	0	0	0	0	0	0	0
0	0	0	117758	0	0	0	0
0	0	0	0	98026	0	0	0
0	0	0	0	81894	0	0	0
0	0	0	0	110574	0	0	0
0	0	0	0	125930	0	0	0
0	0	0	0	84982	0	0	0
0	0	0	0	98150	0	0	0
0	0	0	0	21213166	0	0	0
97056	0	0	0	0	0	0	0
0	0	0	0	77554	0	0	0
0	0	0	0	139250	0	0	0
0	0	0	0	76386	0	0	0
0	0	0	0	0	0	20454206	0
177794	0	0	0	0	0	0	0
108496	0	0	0	0	0	0	0
0	1515198	0	0	0	0	0	0
88852	0	0	0	0	0	0	0
0	0	0	0	98290	0	0	0
82784	0	0	0	0	0	0	0
0	0	0	0	183150	0	0	0
0	0	0	0	93178	0	0	0
293500	0	0	0	0	0	0	0
0	0	0	0	117614	0	0	0
94698	0	0	0	0	0	0	0
99716	0	0	0	0	0	0	0
88630	0	0	0	0	0	0	0
0	0	0	0	109182	0	0	0
0	0	0	0	0	0	0	5750310
134816	0	0	0	0	0	0	0
0	0	0	0	147190	0	0	0
0	0	0	0	113518	0	0	0
126056	0	0	0	0	0	0	0
835664	0	0	0	0	0	0	0
162744	0	0	0	0	0	0	0
102224	0	0	0	0	0	0	0
0	0	0	0	102250	0	0	0
0	0	0	0	0	0	0	1284798
555016	0	0	0	0	0	0	0
5552284	0	0	0	0	0	0	5585526
0	0	0	0	0	0	0	24844990
0	0	0	0	0	0	0	981938
0	0	0	0	114286	0	0	0
99242	0	0	0	0	0	0	0
0	0	0	0	109182	0	0	0
0	0	0	69374	0	0	0	0
0	0	0	129834	0	0	0	0
236744	0	0	0	0	0	0	0
0	0	0	81442	0	0	0	0
94524	0	0	0	0	0	0	0
0	0	0	0	97266	0	0	0
0	0	0	0	85750	0	0	0
72750	0	0	0	0	0	0	0
156156	0	0	0	0	0	0	0
4378940	0	0	0	0	0	0	0
136402	0	0	0	0	0	0	0
126032	0	0	0	0	0	0	0
0	0	0	0	118654	0	0	0
2381980	0	0	0	0	0	0	0
0	0	0	0	154606	0	0	0
154590	0	0	0	0	0	0	0
0	0	0	0	167546	0	0	0
0	0	0	94186	0	0	0	0
0	0	0	0	0	0	0	2362162
0	0	0	0	163702	0	0	0
0	0	0	0	158694	0	0	0
0	0	0	0	97266	0	0	0
96580	0	0	0	0	0	0	0
0	0	0	0	96874	0	0	0
0	0	0	0	0	0	0	5089826
0	0	0	151286	0	0	0	0
0	0	0	118714	0	0	0	0
0	0	0	0	101242	0	0	0
0	0	0	192170	0	0	0	0
68056	0	0	0	0	0	0	0
0	0	0	0	249590	0	0	0
0	0	0	0	233466	0	0	0
89796	0	0	0	0	0	0	0
0	0	0	0	158570	0	0	0
0	0	0	0	142306	0	0	0
113200	0	0	0	0	0	0	0
0	0	0	0	125554	0	0	0
0	0	0	97894	3121138	0	0	0
0	0	0	0	0	0	0	170930
0	0	0	0	114286	0	0	0
0	0	0	0	142062	0	0	0
0	0	0	0	105330	0	0	0
0	0	0	0	76386	0	0	0
124802	0	0	0	0	0	0	0
0	0	0	7618222	0	0	0	0
0	0	0	0	102250	0	0	0
0	0	0	0	89974	0	0	0
0	0	0	81842	0	0	0	0
167622	0	0	0	0	0	0	0
0	0	0	84530	0	0	0	0
890408	0	0	0	0	0	0	0
135482	0	0	0	0	0	0	0
0	0	0	0	0	0	0	11873274
113826	0	0	0	0	0	0	0
0	0	0	0	97150	0	0	0
12992122	0	0	0	0	0	0	0
0	0	0	0	0	0	0	14989858
130448	0	0	0	112315134	0	0	0
0	0	0	0	0	0	0	1981434
0	0	0	0	105466	0	0	0
0	0	0	98214	0	0	0	0
74630	0	0	0	0	0	0	0
98148	0	0	0	0	0	0	0
0	14240622	0	0	0	0	0	0
0	0	0	0	0	0	0	11378214
113514	0	0	0	0	0	0	0
0	0	0	101310	0	0	0	0
137342	0	0	0	0	0	0	0
0	0	0	0	24063602	0	0	0
0	0	0	0	97266	0	0	0
0	0	0	0	77558	0	0	0
0	0	0	0	0	0	0	8560166
69904	0	0	0	0	0	0	0
0	0	0	0	465514	0	0	0
110908	0	0	0	0	0	0	0
0	0	0	0	122878	0	0	0
95326	0	0	0	0	0	0	0
0	0	0	0	143090	0	0	0
0	0	0	89854	3329774	0	0	0
0	0	0	97958	0	0	0	0
0	0	0	0	0	0	0	4349678
0	0	0	0	101098	0	0	0
79648	0	0	0	0	0	0	0
1168360	0	0	0	0	0	0	0
0	0	0	84978	0	0	0	0
548864	0	0	0	0	0	0	0
0	0	0	0	110574	0	0	0
1077288	0	0	0	0	0	0	0
0	0	0	0	256766	0	0	0
0	0	0	0	199650	0	0	0
0	0	0	0	167786	0	0	0
0	0	0	0	0	0	0	22318946
88428	0	0	0	0	0	0	0
0	0	0	0	1858278	0	0	0
0	0	0	0	109542	0	0	188134
0	0	0	0	117502	0	0	0
136088	0	0	0	0	0	0	0
0	0	0	0	88694	0	0	0
0	0	0	0	96874	0	0	0
101456	0	0	0	0	0	0	0
0	0	0	1633190	0	0	0	0
89682	0	0	0	0	0	0	0
112886	0	0	0	0	0	0	0
0	0	0	0	80758	0	0	0
0	0	0	0	105466	0	0	0
0	0	0	0	122742	0	0	0
0	0	0	0	167930	0	0	0
1749308	0	0	0	0	0	0	0
0	0	0	0	122494	0	0	0
0	0	0	0	130658	0	0	0
0	0	0	0	122606	0	0	0
0	0	0	97894	0	0	0	0
150606	0	0	0	0	0	0	0
85292	0	0	0	0	0	0	0
189084	0	0	0	0	0	0	0
100196	0	0	0	0	0	0	0
100344	0	0	0	0	0	0	0
204168	0	0	0	0	0	0	0
111100	0	0	0	0	0	0	0
0	0	0	0	154230	0	0	0
0	0	0	0	110574	0	0	0
103662	0	0	0	0	0	0	0
114768	0	0	0	0	0	0	0
925028	0	0	0	0	0	0	0
84886	0	0	0	0	0	0	0
87592	0	0	0	0	0	0	0
132952	0	0	0	0	0	0	0
0	0	0	0	1232766	0	0	0
0	0	0	0	3575802	0	0	0
0	0	0	0	80894	0	0	0
0	0	0	0	96870	0	0	0
0	0	0	0	134882	0	0	0
0	0	0	0	73570	0	0	0
0	0	0	69354	0	0	0	0
0	0	0	0	101114	0	0	0
0	0	0	25803370	0	0	0	0
181558	125136494	0	0	0	0	0	0
124488	0	0	0	0	0	0	0
0	0	0	0	117614	0	0	0
186622	0	0	0	0	0	0	0
108496	0	0	0	0	0	0	0
0	0	0	0	167786	0	0	0
0	0	0	0	24841186	0	0	0
194728	0	0	0	0	0	0	0
0	0	0	0	135162	0	0	0
0	0	0	0	0	0	0	23060326
76824	0	0	0	0	0	0	0
83410	0	0	0	0	0	0	0
69614	0	0	0	0	0	0	0
0	0	0	0	0	0	0	22293498
7549872	0	0	0	0	0	0	0
146826	0	0	0	0	0	0	0
132012	0	0	0	0	0	0	0
86016	0	0	0	0	0	0	0
0	0	0	0	3780478	0	0	0
0	143278	0	0	0	0	0	0
1931588	0	0	0	0	0	0	0
108292	0	0	0	0	0	0	0
0	0	0	0	93162	0	0	0
0	0	0	0	98026	0	0	0
0	0	0	89718	0	0	0	0
0	0	0	0	0	0	0	900838
261518	0	0	0	0	0	0	0
164624	0	0	0	0	0	0	83598890
0	0	0	0	80502	0	0	0
0	0	0	0	134778	0	0	0
0	0	0	372470	0	0	0	0
125402	0	0	0	0	0	0	0
0	0	0	139250	0	0	0	0
0	0	0	89082	0	0	0	0
0	0	0	122478	0	0	0	0
0	0	0	0	0	0	0	4905906
20263168	0	0	0	0	0	0	0
129192	0	0	0	0	0	0	0
126346	0	0	0	0	0	0	0
0	0	0	0	139250	0	0	0
0	0	0	0	101354	0	0	0
0	0	0	0	142058	0	0	0
90936	0	0	0	0	0	0	0
0	0	0	0	3185634	0	0	0
0	0	0	0	122878	0	0	0
147924	0	0	0	0	0	0	0
0	0	0	666230	0	0	0	0
0	0	0	0	0	0	0	10173362
0	0	0	0	155622	0	0	0
0	0	0	0	176106	0	0	0
72468	0	0	0	0	0	0	0
0	0	0	0	0	0	0	10037794
0	0	0	0	4190206	0	0	0
0	0	0	2382634	0	0	0	0
0	0	0	7348210	0	0	0	0
0	0	0	0	129778	0	0	0
0	0	0	0	0	0	0	990002
0	0	0	0	0	0	0	3034734
0	0	0	0	88694	0	0	0
0	0	0	0	0	0	0	21856170
0	0	0	0	560106	0	0	0
0	0	0	0	162550	0	0	0
107354	0	0	0	0	0	0	0
121038	0	0	0	0	0	0	0
118530	0	0	0	0	0	0	0
75572	0	0	0	0	0	0	0
0	0	0	0	0	0	585446	0
0	0	0	0	118374	0	0	0
0	0	0	89954	0	0	0	0
0	0	0	0	5070574	0	0	0
0	0	0	0	0	0	0	14376486
0	0	0	0	89070	0	0	0
144868	0	0	0	0	0	0	0
0	0	0	0	80894	0	0	0
0	0	0	3252218	0	0	0	0
0	0	0	867186	0	0	0	0
0	0	0	0	154230	0	0	0
141784	0	0	0	0	0	0	0
0	0	0	174710	0	0	0	0
0	0	0	0	0	0	0	3951610
0	0	0	0	77670	0	0	0
94072	0	0	0	0	0	0	0
0	0	0	0	102394	0	0	0
0	0	0	114226	0	0	0	0
123272	0	0	113454	0	0	0	0
0	0	0	0	89974	0	0	0
0	0	0	0	98026	0	0	0
0	0	0	0	0	0	0	1789670
109228	0	0	0	0	0	0	0
16298928	0	0	0	0	0	0	16329722
0	0	0	0	77558	0	0	0
0	0	0	0	0	0	0	2862950
0	0	0	0	77558	0	0	0
0	0	0	0	109182	0	0	0
0	0	0	868030	0	0	0	0
0	0	0	142058	3354226	0	0	0
0	0	0	0	76390	0	0	0
0	0	0	0	0	0	0	125562
0	0	0	0	98170	0	0	0
0	0	0	0	106346	0	0	0
0	0	0	0	102250	0	0	0
0	0	0	2743086	0	0	0	0
0	0	0	0	147426	0	0	0
129506	0	0	0	0	0	0	0
0	0	0	0	4983394	0	0	0
0	0	0	0	93034	0	0	0
85292	0	0	0	0	0	0	0
0	0	0	0	129778	0	0	0
0	0	0	0	125550	0	0	0
0	0	0	0	106234	0	0	0
132326	0	0	0	0	0	0	0
0	0	0	0	109182	0	0	0
0	0	0	0	118654	0	0	0
286604	0	0	0	0	0	0	0
104734	0	0	0	0	0	0	0
136716	0	0	0	0	0	0	0
0	0	0	0	387810	0	0	0
127310	0	0	0	0	0	0	0
0	0	0	0	163558	0	0	0
0	0	0	0	831470	0	0	0
172464	0	0	0	0	0	0	29228970
0	0	0	0	0	0	0	896750
101426	0	0	0	0	0	0	0
0	0	0	0	118766	0	0	0
0	0	0	98174	0	0	0	0
0	0	0	0	77806	0	0	0
0	0	0	0	5323490	0	0	0
3385296	0	0	0	0	0	0	0
121980	0	0	0	0	0	0	0
92190	0	0	0	0	0	0	0
0	0	0	0	0	0	0	23349794
125456	0	0	0	0	0	0	0
0	0	0	0	285414	0	0	0
0	0	0	0	110462	0	0	0
0	0	0	0	93034	0	0	0
160058	0	0	0	0	0	0	0
114768	0	0	0	0	0	0	0
0	0	0	0	6528866	0	0	0
0	0	0	187006	0	0	0	0
0	0	0	0	110574	0	0	0
109648	0	0	0	0	0	0	0
188416	0	0	0	0	0	0	0
0	0	0	0	97010	0	0	0
102716	0	0	0	0	0	0	0
0	0	0	0	129890	0	0	0
104922	0	0	0	0	0	0	0
0	0	0	0	0	0	0	4361210
0	0	0	0	125554	0	0	0
130758	0	0	0	0	0	0	0
0	0	0	0	101242	0	0	0
0	0	0	0	77806	0	0	0
0	0	0	0	4587370	0	0	0
0	0	0	147254	0	0	0	0
0	0	0	0	0	0	0	1027966
104606	0	0	0	0	0	0	0
15917056	0	0	0	0	0	0	0
283568	0	0	0	0	0	0	0
0	0	0	0	0	0	0	7101990
0	0	0	81722	0	0	0	95403562
80030	0	0	0	0	0	0	0
0	0	0	0	113382	0	0	0
0	0	0	0	113526	0	0	0
0	0	0	186994	0	0	0	0
0	0	0	77734	0	0	0	0
0	0	0	0	84846	0	0	0
125086	0	0	0	0	0	0	0
0	0	0	0	0	0	0	2576102
122250	0	0	0	0	0	0	0
75620	0	0	0	0	0	0	0
0	0	0	0	630522	0	0	0
0	0	0	0	122494	0	0	0
0	0	0	0	85742	0	0	0
0	0	0	0	118654	0	0	0
0	0	0	0	126834	0	0	0
0	0	0	0	94202	0	0	0
0	0	0	0	150382	0	0	0
0	0	0	0	98026	0	0	0
0	0	0	0	106338	0	0	0
103164	0	0	0	0	0	0	0
103610	0	0	0	0	0	0	0
0	0	0	0	0	0	0	5274546
165564	0	0	0	0	0	0	0
0	0	0	72626	0	0	0	0
121710	0	0	0	0	0	0	0
0	0	0	0	184302	0	0	477730
5369564	0	0	0	0	0	0	0
99402	0	0	0	0	0	0	0
0	0	0	114402	0	0	0	0
0	0	0	0	98170	0	0	0
0	0	0	0	122606	0	0	0
100826	0	0	0	0	0	0	0
0	0	0	114674	0	0	0	0
81764	0	0	0	0	0	0	0
0	0	0	0	215918	0	0	0
74276	0	0	0	0	0	0	0
0	0	0	0	85606	0	0	0
2431416	0	0	0	0	0	0	0
148086	0	0	0	0	0	0	0
0	0	0	0	109430	0	0	0
0	0	0	141994	0	0	0	0
0	0	0	0	166650	0	0	0
0	0	0	0	101098	0	0	0
151238	0	0	0	0	0	0	0
0	0	0	134830	1117810	0	0	0
114688	0	0	0	0	0	0	0
0	0	0	129658	0	0	0	0
107868	0	0	0	0	0	0	0
0	0	0	85798	0	0	0	0
0	17509166	0	0	0	0	0	0
0	0	0	269242	0	0	0	0
113824	0	0	0	0	0	0	0
0	0	0	0	0	0	0	8031226
0	10854398	0	0	0	0	0	0
0	0	0	0	131058	0	0	0
0	0	0	0	106234	0	0	0
0	933566	0	0	0	0	0	0
104734	0	0	0	0	0	0	0
0	0	0	113206	0	0	0	0
74004	0	0	0	0	0	0	0
0	15522430	0	0	0	0	0	0
206014	0	0	0	0	0	0	0
285348	0	0	0	0	0	0	0
0	0	0	138874	0	0	0	0
0	0	0	0	184046	0	0	0
0	0	0	89010	0	0	0	0
0	0	0	0	253670	0	0	0
0	0	0	0	0	0	0	2748142
0	0	0	178930	0	0	0	0
0	0	0	0	0	0	0	1792946
0	0	0	0	0	0	0	1601262
117342	0	0	0	0	0	0	0
99242	0	0	0	0	0	0	0
0	0	0	138938	0	0	0	0
0	0	0	0	80610	0	0	0
0	0	0	0	0	0	0	3083886
0	0	0	110502	0	0	0	0
96580	0	0	0	0	0	0	34151218
0	0	0	0	101354	0	0	0
0	0	0	0	110574	0	0	0
0	0	0	102062	0	0	0	0
135798	0	0	0	0	0	0	0
141732	0	0	0	0	0	0	0
0	0	0	0	0	0	0	3939006
130442	0	0	0	0	0	0	0
0	0	0	0	0	0	0	7129718
0	0	0	7814846	0	0	0	0
0	0	0	0	0	0	0	167654
0	0	0	0	0	0	0	4369018
144802	0	0	0	0	0	0	0
0	0	0	0	102394	0	0	0
0	0	0	0	84982	0	0	0
0	0	0	162678	0	0	0	0
1967024	0	0	0	0	0	0	0
95784	0	0	0	0	0	0	116174694
0	0	0	0	98290	0	0	0
0	0	0	0	129890	0	0	0
0	0	0	0	0	0	0	4620006
0	0	0	97022	0	0	0	0
0	122734	0	0	0	0	0	0
127938	0	0	0	0	0	0	0
0	0	0	0	113662	0	0	0
0	0	0	0	252910	0	0	0
0	0	0	0	0	0	0	8063522
74358	0	0	0	0	0	0	0
74988	0	0	0	0	0	0	0
132944	0	0	0	0	0	0	0
0	0	0	125802	0	0	0	0
132326	0	0	0	0	0	0	0
0	0	0	134958	0	0	0	0
0	0	0	77614	0	0	0	0
0	0	0	85610	0	0	0	0
0	0	0	0	187374	0	0	0
0	0	0	0	98166	0	0	0
0	634478	0	0	0	0	0	0
225594	0	0	0	0	0	0	29293178
120046	0	0	0	0	0	0	0
0	0	0	0	0	0	0	7695338
0	0	0	0	0	0	0	2439738
0	0	0	0	0	0	0	2788974
0	0	0	0	84982	0	0	0
77824	0	0	0	0	0	0	0
0	16936558	0	0	0	0	0	1588974
0	162686	0	0	0	0	0	0
0	0	0	0	154342	0	0	0
0	0	0	0	191090	0	0	61139646
105864	0	0	0	0	0	0	3411810
0	0	0	0	113662	0	0	0
0	0	0	143150	0	0	0	0
159428	0	0	0	0	0	0	0
0	0	0	0	0	0	0	773870
0	0	0	0	0	0	0	675682
0	0	0	0	0	0	0	11008682
109018	0	0	0	0	0	0	0
0	0	0	0	76662	0	0	0
0	0	0	0	122606	0	0	0
0	0	0	0	5491566	0	0	0
67426	0	0	0	0	0	0	0
121620	0	0	0	0	0	0	0
68056	0	0	0	0	0	0	0
0	0	0	0	155510	0	0	0
74990	0	0	0	0	0	0	0
0	0	0	6926246	0	0	0	0
521768	0	0	0	0	0	0	0
282940	0	0	0	0	0	0	0
0	0	0	0	101242	0	0	0
0	0	0	85998	0	0	0	0
112168	0	0	0	0	0	0	0
0	0	0	0	0	0	0	10935846
0	0	0	0	118766	0	0	0
0	0	0	0	192502	0	0	0
0	0	0	0	105202	0	0	0
137372	0	0	0	0	0	0	0
0	0	0	89974	0	0	0	0
0	0	0	0	121838	0	0	0
18999796	0	0	0	0	0	0	19025518
0	0	0	0	3476450	0	0	0
216142	0	0	0	0	0	0	0
0	0	0	118766	0	0	0	0
105482	0	0	0	0	0	0	0
0	0	0	122742	0	0	0	0
0	19152510	0	0	0	0	0	0
0	10690110	0	0	0	0	0	0
0	0	0	0	137826	0	0	0
104922	0	0	0	0	0	0	0
0	0	0	0	90110	0	0	0
0	0	0	514994	0	0	0	0
63962	0	0	0	0	0	0	0
294912	0	0	0	0	0	0	0
5635466	0	0	0	0	0	0	0
0	0	0	0	163690	0	0	0
0	0	0	0	551534	0	0	0
197238	0	0	0	0	0	0	0
0	0	0	0	0	0	0	6015794
0	20773550	0	0	0	0	0	0
0	12914622	0	0	0	0	0	0
69298	0	0	0	0	0	0	0
0	0	0	114402	0	0	0	0
0	0	0	6486770	0	0	0	0
0	24362814	0	0	0	0	0	0
0	48918254	0	0	93162	0	0	0
97674	50043838	0	0	0	0	0	0
0	0	0	0	5921510	0	0	0
0	0	0	84846	0	0	0	0
0	0	0	4348530	4336362	0	0	0
0	0	0	0	171770	0	0	0
0	0	0	0	1735406	0	0	0
0	0	0	0	151142	0	0	0
0	0	0	102182	0	0	0	0
156908	0	0	0	0	0	0	0
0	0	0	0	88694	0	0	0
94524	0	0	0	0	0	0	0
0	0	0	388722	0	0	0	0
0	0	0	506418	498282	0	0	0
0	0	0	0	838502	0	0	0
133894	0	0	0	0	0	0	0
0	0	0	0	88694	0	0	0
10624670	0	0	0	0	0	0	0
256188	0	0	0	0	0	0	0
0	0	0	0	158694	0	0	0
97834	0	0	0	0	0	0	0
0	0	0	945134	0	0	0	0
0	0	0	0	0	0	0	384938
101456	0	0	0	0	0	0	0
0	0	0	0	167786	0	0	0
0	0	0	0	76414	0	0	0
0	0	0	0	4594282	0	0	0
0	0	0	77414	0	0	0	0
15207486	0	0	0	0	0	0	0
0	0	0	0	88694	0	0	0
0	0	0	0	159598	0	0	0
0	0	0	0	101114	0	0	0
0	0	0	0	147430	0	0	0
75304	0	0	0	0	0	0	0
93264	0	0	0	0	0	0	0
0	0	0	0	106106	0	0	0
0	0	0	0	0	0	0	4410990
0	0	0	0	1736314	0	0	0
0	0	0	0	0	0	0	5500646
0	0	0	0	146034	0	0	0
9911928	0	0	0	0	0	0	0
114140	0	0	0	0	0	0	0
0	0	0	0	150518	0	0	0
0	0	0	0	0	0	0	5685094
104292	0	0	0	0	0	0	0
86756	0	0	0	0	0	0	0
2557784	0	0	0	0	0	0	0
0	0	0	129910	0	0	0	0
0	0	0	92714	0	0	0	0
0	0	0	0	113662	0	0	0
0	0	0	0	200418	0	0	0
0	0	0	0	88694	0	0	0
158798	0	0	0	0	0	0	0
81530	0	0	0	0	0	0	0
0	0	0	0	0	0	0	920182
0	0	0	0	4922226	0	0	0
121708	0	0	0	0	0	0	0
0	0	0	0	135026	0	0	0
71492	0	0	0	0	0	0	0
0	0	0	0	0	0	0	12902118
0	21051966	0	0	0	0	0	0
0	0	0	0	130030	0	0	0
0	0	0	0	0	0	0	524014
0	0	0	0	88694	0	0	0
0	0	0	0	101354	0	0	0
0	0	0	0	0	0	0	674422
0	0	0	0	134114	0	0	0
0	0	0	0	6053606	0	0	0
0	0	0	0	0	0	0	1522366
91750	0	0	0	0	0	0	0
153756	0	0	0	0	0	0	0
0	0	0	85682	0	0	0	0
93310	0	0	0	0	0	0	0
100970	0	0	0	0	0	0	0
0	0	0	0	101114	0	0	0
67408	0	0	0	0	0	0	0
0	0	0	0	159738	0	0	0
0	0	0	117678	0	0	0	0
86546	0	0	0	0	0	0	0
0	0	0	0	105066	0	0	0
0	0	0	2538426	0	0	0	0
0	0	0	98018	0	0	0	0
0	0	0	97190	0	0	0	0
0	0	0	207722	0	0	0	0
0	0	0	0	114430	0	0	117463866
0	0	0	0	109294	0	0	0
0	0	0	0	6930026	0	0	0
0	0	0	0	130026	0	0	0
0	0	0	0	101354	0	0	0
105044	0	0	0	0	0	0	0
0	0	0	0	88694	0	0	0
0	0	0	0	3133030	0	0	0
0	0	0	0	0	0	0	6553446
180304	0	0	0	0	0	0	0
0	138814	0	0	0	0	0	0
0	0	0	0	88806	0	0	0
0	5132206	0	0	0	0	0	0
0	0	0	0	89974	0	0	0
0	0	0	0	97258	0	0	0
99088	0	0	0	0	0	0	0
0	0	0	0	114286	0	0	0
0	0	0	84714	0	0	0	0
88630	0	0	0	0	0	0	0
0	0	0	0	0	0	2035438	0
88852	0	0	0	0	0	0	0
0	25472958	0	0	0	0	0	0
0	0	0	0	0	0	0	888558
0	0	0	1850994	0	0	0	0
0	0	0	0	183150	0	0	0
0	0	0	88746	0	0	0	0
0	0	0	0	89726	0	0	0
233296	0	0	0	0	0	0	0
79648	0	0	0	0	0	0	0
0	0	0	0	0	0	0	424754
106614	0	0	0	0	0	0	0
0	0	0	0	216678	0	0	0
0	0	0	0	129890	0	0	0
0	0	0	0	0	0	0	311014
0	0	0	138234	0	0	0	0
0	0	0	0	122494	0	0	0
0	0	0	0	89830	0	0	0
0	0	0	0	0	0	0	24828538
0	0	0	0	0	0	0	384938
0	0	0	0	2875118	0	0	0
0	0	0	0	97258	0	0	0
0	0	0	2456502	0	0	0	0
0	0	0	0	0	0	0	4013798
0	0	0	0	0	0	0	109366
0	0	0	0	85750	0	0	0
149174	0	0	0	0	0	0	0
0	5364670	0	0	0	0	0	0
0	0	0	0	77558	0	0	0
0	76590	0	0	0	0	0	0
0	0	0	0	96874	0	0	0
0	0	0	0	0	0	0	12517290
0	0	0	0	576358	0	0	0
0	0	0	0	0	0	0	1026594
0	0	0	0	151142	0	0	0
0	0	0	0	1673962	0	0	0
92190	0	0	0	0	0	0	0
0	0	0	138102	0	0	0	0
0	0	0	137786	0	0	0	0
0	0	0	0	80758	0	0	0
258696	0	0	0	0	0	0	0
0	0	0	0	121838	0	0	0
0	0	0	0	0	0	0	19525350
0	0	0	0	121710	0	0	0
139850	0	0	0	0	0	0	0
0	0	0	0	147302	0	0	0
0	0	0	122742	0	0	0	0
158352	0	0	0	0	0	0	0
0	0	0	0	126706	0	0	0
80566636	0	0	106170	0	0	0	0
75258	0	0	0	0	0	0	0
0	0	0	0	88806	0	0	0
0	0	0	0	85606	0	0	0
0	0	0	0	121838	0	0	0
120462	0	0	0	0	0	0	0
0	0	0	77746	0	0	0	0
0	0	0	0	84982	0	0	0
93444	0	0	0	0	0	0	0
0	0	0	0	72434	0	0	0
90308	0	0	0	0	0	0	0
0	0	0	0	0	0	0	3141162
0	0	0	0	110574	0	0	0
0	0	0	0	12086118	0	0	0
0	0	0	0	77670	0	0	0
129180	0	0	0	0	0	0	0
105236	0	0	0	0	0	0	0
166046	0	0	0	0	0	0	0
0	0	0	0	137834	0	0	0
0	0	0	15478646	0	0	0	0
0	0	0	0	84982	0	0	0
0	0	0	0	0	0	0	215670
121038	0	0	0	0	0	0	0
0	0	0	0	142310	0	0	0
119784	0	0	0	0	0	0	0
228126	0	0	0	0	0	0	0
128552	0	0	0	0	0	0	0
0	0	0	0	150518	0	0	0
0	0	0	0	77670	0	0	0
0	0	0	0	0	0	0	5857194
0	0	0	0	93178	0	0	0
0	0	0	0	93034	0	0	0
76458	0	0	0	0	0	0	0
0	0	0	180022	0	0	0	0
0	0	0	76450	0	0	0	0
132320	0	0	0	0	0	0	0
154276	0	0	0	0	0	0	0
68046	0	0	0	0	0	0	0
0	0	0	0	207458	0	0	0
0	163710	0	0	0	0	0	0
0	0	0	0	89838	0	0	0
0	0	0	97210	0	0	0	0
0	0	0	0	0	0	0	5221998
0	0	0	0	0	0	0	12139442
0	0	0	0	94198	0	0	0
0	0	0	0	125930	0	0	0
0	0	0	0	142194	0	0	0
102086	0	0	0	0	0	0	0
0	0	0	84714	0	0	0	0
0	0	0	0	1260402	0	0	0
0	0	0	0	96870	0	0	936762
88006	0	0	0	0	0	0	0
119784	0	0	0	0	0	0	0
207582	0	0	0	0	0	0	0
0	0	0	0	100962	0	0	0
645638	0	0	0	0	0	0	0
146824	0	0	0	0	0	0	0
0	0	0	0	88830	0	0	0
0	0	0	0	0	0	0	4271970
0	0	0	80826	0	0	0	0
0	0	0	121786	0	0	0	0
0	0	0	0	113518	0	0	0
90112	0	0	0	0	0	0	0
0	0	0	106018	0	0	0	0
0	0	0	0	85750	0	0	0
1639344	0	0	0	0	0	0	0
0	0	0	0	0	0	0	4271098
143930	0	0	0	0	0	0	0
0	0	0	0	0	0	0	7866914
0	0	0	0	93162	0	0	0
0	0	0	0	0	0	0	892458
0	0	0	114490	0	0	0	0
0	0	0	2723582	0	0	0	0
0	0	0	0	0	0	0	22609646
124832	0	0	0	0	0	0	0
0	0	0	0	0	0	0	24664766
0	0	0	0	196194	0	0	0
114846	0	0	0	0	0	0	119794210
142986	0	0	0	0	0	0	108288826
0	0	0	0	133746	0	0	0
176324	0	0	0	0	0	0	0
0	0	0	0	105066	0	0	0
0	0	0	200442	0	0	0	0
7403688	0	0	0	0	0	0	0
0	0	0	1518198	0	0	0	0
97368	0	0	0	0	0	0	0
0	0	0	0	113662	0	0	0
0	0	0	0	0	0	0	1654310
84350	0	0	120417134	0	0	0	0
83410	0	0	0	0	0	0	0
203472	0	0	0	0	0	0	0
122250	0	0	0	0	0	0	0
0	0	0	0	216678	0	0	0
0	0	0	0	0	0	0	1272630
0	0	0	93154	0	0	0	0
88852	0	0	0	0	0	0	0
0	0	0	0	0	0	0	2756334
0	0	0	0	121598	0	0	0
75258	0	0	0	0	0	0	0
0	0	0	0	0	0	0	204326
0	0	0	0	158710	0	0	0
78644	0	0	0	0	0	0	0
0	0	0	0	77558	0	0	0
99088	0	0	0	0	0	0	0
0	0	0	0	289390	0	0	0
0	0	0	2174522	0	0	0	2194986
0	0	0	0	0	0	0	3357498
0	0	0	0	10718074	0	0	0
0	0	0	0	200306	0	0	0
0	0	0	1191610	0	0	0	0
0	0	0	89646	0	0	0	0
0	0	0	0	97258	0	0	0
104922	0	0	0	0	0	0	0
0	0	0	0	1550974	0	0	0
72122	0	0	0	0	0	0	0
0	0	0	0	80614	0	0	0
114768	0	0	0	0	0	0	0
0	0	0	0	175994	0	0	0
0	0	0	0	0	0	0	5237282
0	0	0	80438	0	0	0	0
0	0	0	0	0	0	0	13937274
0	0	0	0	1347434	0	0	0
179594	0	0	0	0	0	0	0
0	0	0	0	0	0	0	142958
0	0	0	0	102394	0	0	0
79020	0	0	0	0	0	0	0
0	0	0	109350	0	0	0	0
0	0	0	0	89974	0	0	0
0	0	0	0	76774	0	0	0
0	0	0	0	114430	0	0	0
1430504	0	0	0	0	0	0	0
100970	0	0	0	0	0	0	0
0	0	0	69230	0	0	0	0
0	0	0	0	0	0	0	6500194
0	0	0	84530	0	0	0	0
0	0	0	0	166890	0	0	0
0	0	0	0	0	0	0	17644338
91564	0	0	0	0	0	0	0
0	0	0	93154	0	0	0	0
0	0	0	0	0	0	0	18455358
0	0	0	0	81654	0	0	0
149574	0	0	0	0	0	0	0
104106	0	0	0	0	0	0	0
0	0	0	138042	0	0	0	0
0	0	0	0	0	0	0	2920174
4217398	0	0	0	0	0	0	0
21084718	0	0	0	0	0	0	0
0	0	0	0	0	0	0	12074850
0	0	0	0	105330	0	0	0
0	0	0	0	147426	0	0	0
0	18479870	0	0	0	0	0	0
0	0	0	0	89838	0	0	0
0	0	0	0	138098	0	0	0
184750	0	0	0	0	0	0	0
0	0	0	0	0	0	0	5077694
0	0	0	68414	0	0	0	0
0	0	0	154490	0	0	0	0
0	0	0	183930	0	0	0	0
0	0	0	0	0	0	0	17586878
100344	0	0	0	0	0	0	0
0	0	0	0	92922	0	0	0
0	0	0	0	77558	0	0	0
0	0	0	0	0	0	0	4938674
0	0	0	0	106346	0	0	0
0	0	0	0	81654	0	0	0
0	0	0	0	102002	0	0	0
0	0	0	97958	0	0	0	0
0	0	0	118322	0	0	0	0
0	0	0	289766	0	0	0	0
0	0	0	0	0	0	0	23485238
0	23084606	0	0	0	0	23117742	0
0	0	0	0	117374	0	0	0
372832	0	0	0	0	0	0	0
106730	0	0	0	0	0	0	0
0	0	0	0	0	0	0	2248546
84976	0	0	0	0	0	0	0
111004	0	0	0	0	0	0	0
0	0	0	0	196474	0	0	0
0	0	0	0	2231034	0	0	0
0	0	0	0	137826	0	0	0
0	0	0	0	135018	0	0	0
0	0	0	670634	0	0	0	0
0	0	0	139070	0	0	0	0
0	0	0	80562	0	0	0	0
0	0	0	0	0	0	0	1085038
0	0	0	0	1825534	0	0	0
0	0	0	0	0	0	0	453626
79892	0	0	0	0	0	0	0
0	0	0	0	97018	0	0	0
0	0	0	0	0	0	0	4288110
154902	0	0	0	0	0	0	0
0	0	0	0	85606	0	0	0
0	0	0	0	110198	0	0	0
0	0	0	0	85750	0	0	0
127624	0	0	0	0	0	0	0
99866	0	0	0	0	0	0	0
0	0	0	0	102010	0	0	0
0	0	0	0	0	0	0	21843570
0	0	0	0	0	0	0	736058
223262	0	0	0	0	0	0	0
8132706	0	0	0	0	0	0	0
0	0	0	0	174830	0	0	0
94208	0	0	0	0	0	0	0
0	0	0	0	0	0	0	17243058
0	0	0	0	98026	0	0	0
0	0	0	0	114286	0	0	0
206014	0	0	0	0	0	0	0
116648	0	0	0	0	0	0	0
0	3943278	0	0	0	0	0	0
0	10018814	0	0	0	0	0	0
0	0	0	0	110438	0	0	0
0	0	0	0	102010	0	0	0
105360	0	0	0	0	0	0	0
4061028	0	0	0	0	0	0	0
0	5597742	0	0	0	0	0	0
0	0	0	0	94202	0	0	0
0	0	0	0	73570	0	0	0
0	66800494	0	0	0	0	0	21106530
131698	0	0	0	0	0	0	0
121666	0	0	0	0	0	0	0
0	0	0	0	88694	0	0	0
175912	76470910	0	0	0	0	0	0
117342	0	0	0	0	0	0	0
0	0	0	146418	0	0	0	0
0	0	0	0	109294	0	0	0
0	0	0	0	100962	0	0	0
124802	0	0	0	0	0	0	0
0	0	0	0	0	0	0	1920870
0	0	0	0	130658	0	0	0
0	0	0	0	0	0	0	1900262
0	25972718	0	0	109182	0	0	0
0	0	0	0	118374	0	0	0
0	0	0	0	8593250	0	0	0
0	0	0	0	84606	0	0	0
0	85614	0	0	0	0	0	0
0	0	0	0	0	0	0	1563326
98936	0	0	0	0	0	0	0
0	166574	0	0	0	0	0	0
0	118766	0	0	0	0	0	0
104106	0	0	0	0	0	0	0
0	0	0	0	0	0	0	855034
92190	0	0	0	0	0	0	0
0	0	0	0	73714	0	0	0
0	0	0	0	133730	0	0	0
0	0	0	0	2161506	0	0	0
0	0	0	0	0	0	0	1285042
89682	0	0	0	0	0	0	0
0	0	0	0	130922	0	0	6016550
0	0	0	0	117374	0	0	0
0	0	0	23206650	0	0	0	0
0	0	0	0	77806	0	0	0
92004	0	0	0	0	0	0	0
0	0	0	12574690	0	0	0	0
0	0	0	0	141922	0	0	0
0	0	0	0	106106	0	0	0
2440826	0	0	0	0	0	0	0
0	0	0	0	134770	0	0	0
0	0	0	0	184190	0	0	0
0	0	0	0	130938	0	0	0
0	0	0	0	121574	0	0	0
129192	0	0	0	0	0	0	0
115634	0	0	0	0	0	0	0
0	0	0	159398	0	0	0	0
0	18062910	0	0	0	0	0	0
100490	0	0	0	0	0	0	0
0	0	0	0	0	0	0	392746
0	0	0	0	117502	0	0	0
0	0	0	0	122606	0	0	0
0	0	0	0	102114	0	0	0
0	0	0	69354	0	0	0	0
148086	0	0	0	0	0	0	0
0	0	0	0	0	0	0	900838
0	0	0	5070710	0	0	0	0
0	0	0	3611642	0	0	0	0
8633108	0	0	0	0	0	0	0
0	0	0	0	97010	0	0	0
0	0	0	0	4206322	0	0	0
116580	0	0	0	0	0	0	0
0	0	0	0	142962	0	0	0
0	0	0	0	0	0	0	3591918
0	0	0	0	76390	0	0	0
0	0	0	0	105066	0	0	0
206014	0	0	0	0	0	0	0
0	0	0	0	162554	0	0	0
0	0	0	0	105066	0	0	0
147376	0	0	0	0	0	0	0
0	0	0	0	0	0	0	4533242
117838	0	0	0	0	0	0	0
0	0	0	0	146290	0	0	0
73728	0	0	0	0	0	0	0
0	0	0	0	113382	0	0	0
0	0	0	0	137970	0	0	0
0	0	0	0	2165362	0	0	0
0	0	0	121646	0	0	0	0
0	0	0	0	97006	0	0	0
1882584	0	0	0	0	0	0	0
0	0	0	0	81654	0	0	0
0	0	0	89082	0	0	0	0
0	0	0	0	150518	0	0	0
0	0	0	0	101114	0	0	0
0	0	0	0	88694	0	0	392114
64906	0	0	0	0	0	0	0
0	0	0	0	85742	0	0	0
0	0	0	77734	0	0	0	0
0	0	0	0	167786	0	0	0
0	0	0	924538	0	0	0	0
133592	0	0	0	0	0	0	0
0	0	0	73250	0	0	0	0
0	0	0	85610	0	0	0	0
88852	0	0	0	0	0	0	0
129180	0	0	0	0	0	0	0
0	0	0	388670	0	0	0	0
107556	0	0	0	0	0	0	3280494
0	0	0	0	114286	0	0	0
0	0	0	0	90086	0	0	0
0	0	0	0	139106	0	0	0
102538	0	0	60771134	0	0	0	0
13776356	0	0	105274	0	0	0	0
0	0	0	0	81766	0	0	0
0	0	0	3701682	0	0	0	0
0	0	0	0	121838	0	0	0
0	0	0	2440946	0	0	0	0
0	0	0	84530	0	0	0	0
72468	0	0	0	0	0	0	0
0	0	0	0	81518	0	0	0
0	0	0	117482	1478266	0	0	0
0	0	0	1444514	0	0	0	0
0	0	0	0	182910	0	0	0
0	0	0	0	184302	0	0	0
0	0	0	93802	0	0	0	0
0	0	0	0	126706	0	0	0
90112	0	0	0	0	0	0	0
0	110382	0	0	0	0	0	0
0	3734142	0	0	0	0	0	0
0	3485614	0	0	0	0	0	0
74990	0	0	0	0	0	0	0
0	0	0	84718	0	0	0	0
316968	0	0	0	0	0	0	0
100970	0	0	0	0	0	0	0
0	0	0	0	77558	0	0	0
73026	0	0	0	0	0	0	0
107758	0	0	0	0	0	0	0
0	0	0	0	84982	0	0	0
0	0	0	0	109294	0	0	0
89480	0	0	0	0	0	0	0
0	0	0	0	109430	0	0	0
0	0	0	2850666	0	0	0	0
115320	0	0	0	0	0	0	0
0	0	0	102050	0	0	0	0
148716	0	0	0	0	0	0	0
0	0	0	0	1138550	0	0	0
7712554	0	0	0	0	0	0	0
0	0	0	0	122494	0	0	0
0	0	0	2469814	0	0	0	0
94072	0	0	0	0	0	0	0
0	0	0	0	5008118	0	0	0
0	0	0	125862	0	0	0	0
21575836	0	0	0	0	0	0	0
0	0	0	0	109294	0	0	0
0	0	0	0	12388962	0	0	0
115394	0	0	0	0	0	0	0
0	0	0	0	118510	0	0	0
0	0	0	0	4909682	0	0	0
0	0	0	0	85886	0	0	0
119730	0	0	0	0	0	0	0
0	0	0	0	0	0	0	24034854
0	0	0	0	0	0	0	1358646
75884	0	0	0	0	0	0	0
112348	0	0	0	0	0	0	0
0	19099374	0	0	0	0	0	0
165100	0	0	0	0	0	0	0
19470808	0	0	0	0	0	0	0
119098	0	0	0	0	0	0	0
0	0	0	0	126706	0	0	0
0	0	0	3505766	0	0	0	0
0	0	0	102334	0	0	0	0
0	15903534	0	0	0	0	0	0
82390	0	0	0	0	0	0	0
0	0	0	109218	0	0	0	0
0	0	0	0	97890	0	0	0
0	0	0	0	98026	0	0	0
0	0	0	0	0	0	0	360062
0	0	0	0	117614	0	0	0
0	5532526	0	0	0	0	0	0
0	0	0	88690	0	0	0	0
0	0	0	0	0	0	0	4971326
0	0	0	0	106090	0	0	0
287352	0	0	0	0	0	0	0
0	0	0	0	1449970	0	0	1485434
3048520	0	0	0	0	0	0	0
223890	0	0	0	0	0	0	0
0	0	0	81634	0	0	0	0
0	0	0	0	166890	0	0	0
75258	0	0	0	0	0	0	0
0	0	0	88822	0	0	0	0
155648	0	0	0	0	0	0	0
0	0	0	0	125946	0	0	0
0	0	0	0	150518	0	0	0
0	17669822	0	0	0	0	0	0
0	143278	0	0	0	0	0	0
0	0	0	0	171642	0	0	0
0	0	0	85610	0	0	0	0
0	0	0	0	98026	0	0	0
69316	0	0	0	0	0	0	0
0	0	0	0	0	0	0	4451954
0	0	0	0	134778	0	0	0
0	0	0	0	3930866	0	0	0
13908124	0	0	0	0	0	0	0
0	0	0	0	88694	0	0	0
68056	0	0	0	0	0	0	0
78770	0	0	0	0	0	0	0
0	0	0	0	97258	0	0	0
110278	0	0	0	0	0	0	0
0	23214782	0	0	0	0	0	0
0	0	0	89022	0	0	0	0
0	0	0	0	142310	0	0	0
8690450	0	0	0	0	0	0	0
0	134718	0	0	0	0	0	0
0	0	0	0	98026	0	0	0
0	0	0	85998	0	0	0	0
0	0	0	0	191202	0	0	0
0	0	0	0	89974	0	0	0
100196	0	0	0	0	0	0	0
0	0	0	0	122494	0	0	0
167936	0	0	0	0	0	0	0
0	0	0	0	90110	0	0	0
0	0	0	0	0	0	0	1433214
0	0	0	0	93162	0	0	0
170772	0	0	0	0	0	0	0
0	0	0	0	0	0	0	15404922
0	0	0	0	98154	0	0	0
0	0	0	126698	42827638	0	0	0
0	0	0	0	0	0	0	847598
0	0	0	0	155646	0	0	0
0	0	0	0	0	0	0	22294254
209840	0	0	0	0	0	0	0
0	0	0	0	89974	0	0	0
185896	0	0	0	0	0	0	0
0	3418734	0	0	0	0	0	0
0	0	0	0	0	0	0	7469886
0	0	0	155510	0	0	0	0
142986	0	0	0	0	0	0	0
2104082	0	0	0	0	0	0	0
115320	0	0	0	0	0	0	0
0	0	0	0	178802	0	0	0
105360	0	0	0	0	0	0	0
1045742	0	0	0	0	0	0	0
0	0	0	0	85606	0	0	0
0	0	0	0	0	0	0	641762
83812	0	0	0	0	0	0	0
90112	0	0	0	0	0	0	0
101140	0	0	0	0	0	0	0
0	0	0	0	143090	0	0	0
0	0	0	0	134882	0	0	0
86962	0	0	0	0	0	0	0
0	1338350	0	0	0	0	0	0
0	0	0	0	101242	0	0	0
0	0	0	76458	0	0	0	0
0	0	0	0	110438	0	0	0
100196	0	0	0	0	0	0	0
14558128	0	0	0	0	0	0	0
81920	0	0	0	0	0	0	0
115950	0	0	0	0	0	0	0
0	0	0	0	155510	0	0	0
0	0	0	0	1167086	0	0	0
0	85934	0	0	0	0	0	0
6101464	0	0	0	0	0	0	0
103976	0	0	0	0	0	0	0
0	0	0	0	0	0	0	88626
0	0	0	0	154230	0	0	0
0	0	0	0	282358	0	0	0
190308	0	0	0	0	0	0	0
0	0	0	0	101242	0	0	0
0	0	0	0	72290	0	0	0
138632	0	0	0	0	0	0	0
102086	0	0	0	0	0	0	0
0	0	0	106170	0	0	0	0
0	0	0	0	0	0	0	13179518
151236	0	0	0	0	0	0	0
123196	0	0	0	0	0	0	0
0	0	0	0	155366	0	0	0
0	0	0	0	0	0	0	1514110
0	0	0	0	117502	0	0	0
126032	0	0	0	0	0	0	0
0	0	0	0	203770	0	0	0
0	0	0	0	134882	0	0	0
0	106174	0	0	0	0	0	0
120360	0	0	0	0	0	0	0
119416	0	0	0	0	0	0	0
0	0	0	0	84982	0	0	0
0	0	0	96890	0	0	0	0
0	0	0	0	114534	0	0	0
103346	0	0	0	0	0	0	0
0	5066670	0	0	0	0	0	0
0	0	0	0	0	0	0	834358
12278546	0	0	0	0	0	0	0
96414	0	0	0	0	0	0	0
0	25472574	0	0	0	0	0	0
0	0	0	0	89974	0	0	0
0	18922366	0	0	0	0	0	0
0	16349806	0	0	0	0	0	0
120358	0	0	0	0	0	0	0
0	0	0	0	0	0	0	2690938
0	0	0	0	0	0	0	872118
0	0	0	0	0	0	0	208742
0	0	0	0	3763194	0	0	0
0	0	0	0	147186	0	0	0
0	0	0	0	135026	0	0	0
0	0	0	0	0	0	0	835518
0	142190	0	0	0	0	0	0
104922	0	0	0	0	0	0	0
0	0	0	0	184190	0	0	0
0	0	0	0	0	0	0	14089826
0	20245422	0	0	0	0	0	0
92002	0	0	0	0	0	0	0
0	0	0	24387134	0	0	0	0
0	0	0	0	137970	0	0	0
5494312	0	0	0	0	0	0	0
0	0	0	0	0	0	0	16587426
0	22584894	0	0	0	0	0	0
0	0	0	4923254	0	0	0	0
0	0	0	84966	0	0	0	0
0	0	0	0	0	0	0	7420538
0	0	0	0	93162	0	0	0
117840	0	0	0	0	0	0	0
0	0	0	0	0	0	0	7920434
0	0	0	0	0	0	0	450474
248912	0	0	0	0	0	0	0
0	0	0	0	0	0	0	2058814
139264	0	0	0	0	0	0	0
0	0	0	0	0	0	0	5552738
81290	0	0	0	0	0	0	0
0	0	0	0	0	0	0	159346
145566	0	0	0	0	0	0	0
0	0	0	0	0	0	0	1006386
0	158702	0	0	0	0	0	0
0	143086	0	0	0	0	0	0
202278	0	0	0	0	0	0	0
0	0	0	0	0	0	0	2599474
0	5049918	0	0	0	0	0	0
0	0	0	0	126706	0	0	0
0	0	0	0	97018	0	0	0
0	21633854	0	0	0	0	0	0
0	0	0	0	0	0	0	25738162
0	1793710	0	0	0	0	0	0
0	0	0	0	3206882	0	0	0
0	0	0	0	9415294	0	0	0
0	125486	0	0	0	0	0	0
0	0	0	0	146290	0	0	0
85702	0	0	0	0	0	0	0
84126	0	0	0	0	0	0	0
0	0	0	76578	0	0	0	0
0	0	0	0	0	0	0	4721186
0	0	0	96890	0	0	0	0
0	0	0	0	110326	0	0	0
103976	0	0	0	0	0	0	0
133592	0	0	0	0	0	0	0
0	0	0	0	81766	0	0	0
0	0	0	0	0	0	0	260642
0	0	0	0	97150	0	0	0
0	0	0	0	110574	0	0	0
0	0	0	0	0	0	0	1314418
0	0	0	0	154230	0	0	0
106496	0	0	0	0	0	0	0
129812	0	0	0	0	0	0	0
134852	0	0	0	0	0	0	0
0	0	0	0	80614	0	0	0
0	0	0	179774	0	0	0	0
0	0	0	0	143090	0	0	0
123826	0	0	0	0	0	0	219838
0	0	0	0	290430	0	0	0
0	113214	0	0	0	0	0	0
0	544430	0	0	0	0	0	0
0	0	0	0	0	0	0	16870118
0	0	0	0	174826	0	0	0
0	0	0	0	76390	0	0	0
0	0	0	0	0	0	0	8784878
122250	0	0	0	0	0	0	0
0	0	0	0	5967474	0	0	0
0	0	0	0	93162	0	0	0
0	0	0	0	159606	0	0	0
167622	0	0	0	0	0	0	0
144934	0	0	0	0	0	0	0
0	0	0	0	106106	0	0	0
0	0	0	0	0	0	0	22797234
0	0	0	0	109182	0	0	0
80030	0	0	0	0	0	0	0
98304	0	0	0	0	0	0	0
127922	0	0	0	0	0	0	0
99566	0	0	0	0	0	0	0
149660	0	0	0	0	0	0	0
0	0	0	0	85750	0	0	0
0	0	0	109230	0	0	0	0
101456	0	0	0	0	0	0	0
122250	0	0	0	0	0	0	0
0	0	0	93034	0	0	0	0
0	0	0	77746	0	0	0	0
0	9707070	0	0	0	0	0	0
0	15519422	0	0	0	0	0	0
0	0	0	0	0	0	0	3119934
131072	0	0	0	0	0	0	0
0	0	0	0	76662	0	0	0
109648	0	0	0	0	0	0	0
0	0	0	0	101242	0	0	0
0	891710	0	0	0	0	0	0
81290	0	0	0	0	0	0	0
0	0	0	0	110574	0	0	0
0	0	0	0	0	0	0	3074810
91374	0	0	0	0	0	0	0
0	0	0	0	77558	0	0	0
0	0	0	125802	0	0	0	0
76250	0	0	0	0	0	0	0
0	0	0	0	138098	0	0	0
139578	0	0	0	0	0	0	0
0	0	0	1412782	0	0	0	0
0	0	0	158570	0	0	0	0
69632	0	0	0	0	0	0	0
0	0	0	5327842	0	0	0	0
0	0	0	89954	0	0	0	0
0	0	0	0	0	0	0	6298418
181800	0	0	0	0	0	0	0
0	22022702	0	0	0	0	0	0
114688	0	0	0	0	0	0	0
0	0	0	0	2744046	0	0	0
0	0	0	0	0	0	0	6884990
0	0	0	98174	0	0	0	0
0	0	0	0	137826	0	0	0
0	85614	0	0	0	0	0	0
0	26147710	0	0	0	0	0	0
0	0	0	0	130686	0	0	0
0	0	0	0	77558	0	0	0
0	0	0	0	0	0	0	24756138
0	0	0	122622	0	0	0	0
0	0	0	0	223870	0	0	0
0	0	0	0	110462	0	0	0
0	0	0	0	125694	0	0	0
0	0	0	92846	0	0	0	0
0	0	0	0	126690	0	0	0
0	1645438	0	0	0	0	0	0
0	0	0	0	101354	0	0	0
0	163502	0	0	0	0	0	0
0	24181742	0	0	0	0	0	0
0	0	0	0	97010	0	0	0
0	0	0	0	0	0	0	2665278
0	0	0	0	147298	0	0	0
0	0	0	0	73714	0	0	0
0	0	0	233134	0	0	0	0
20252514	0	0	0	0	0	0	0
0	0	0	0	692074	0	0	0
0	0	0	854882	0	0	0	0
2170880	0	0	0	0	0	0	0
0	8805934	0	0	0	0	0	0
100826	0	0	0	0	0	0	0
0	0	0	0	109294	0	0	0
92004	0	0	0	0	0	0	0
0	0	0	5737442	0	0	0	0
103976	0	0	0	0	0	0	0
0	0	0	0	0	0	0	25721534
90744	0	0	0	0	0	0	0
0	0	0	0	139106	0	0	0
0	0	0	106038	0	0	0	0
0	0	0	15391346	0	0	0	0
0	0	0	0	347894	0	0	0
0	0	0	0	0	0	0	3316534
0	0	0	0	2408046	0	0	0
0	0	0	0	93922	0	0	0
0	14036862	0	0	0	0	0	0
77140	0	0	0	0	0	0	0
84442	0	0	0	0	0	0	0
0	0	0	0	77806	0	0	0
79400	0	0	0	0	0	0	0
117840	0	0	0	0	0	0	0
0	0	0	0	133730	0	0	0
0	0	0	0	0	0	0	761382
0	0	0	0	110574	0	0	0
177168	0	0	0	0	0	0	0
0	0	0	0	80750	0	0	0
140524	0	0	0	0	0	0	0
0	0	0	0	101354	0	0	0
172032	0	0	0	0	0	0	0
94524	0	0	0	0	0	0	0
88628	0	0	0	0	0	0	0
0	0	0	163830	0	0	0	0
0	0	0	0	101242	0	0	0
0	0	0	0	76774	0	0	0
0	0	0	0	106346	0	0	0
0	0	0	0	0	0	0	109090
0	0	0	0	98026	0	0	0
136088	0	0	0	0	0	0	0
0	0	0	0	0	0	0	2019174
115394	0	0	0	0	0	0	0
76250	0	0	0	0	0	0	0
0	0	0	0	0	0	0	21135274
0	0	0	0	1108706	0	0	0
0	0	0	0	81890	0	0	0
0	0	0	1879610	1875578	0	0	0
3087716	0	0	0	0	0	0	0
118900	0	0	0	0	0	0	0
0	0	0	0	958306	0	0	0
0	0	0	0	88942	0	0	0
128576	0	0	0	0	0	0	2861878
0	0	0	0	17476330	0	0	0
0	0	0	0	93178	0	0	0
0	0	0	0	126706	0	0	0
0	0	0	0	232170	0	0	0
0	0	0	0	0	0	0	555710
0	0	0	0	159334	0	0	0
0	110318	0	0	0	0	0	0
0	0	0	0	117502	0	0	0
0	11382398	0	0	0	0	0	0
109124	0	0	0	0	0	0	0
0	0	0	0	97254	0	0	0
0	0	0	0	0	0	0	4705274
0	0	0	0	126690	0	0	0
0	0	0	0	146034	0	0	0
0	0	0	117362	0	0	0	0
0	0	0	101030	0	0	0	0
0	155518	0	0	0	0	0	0
0	0	0	4906922	0	0	0	0
0	0	0	0	98026	0	0	0
0	0	0	0	81766	0	0	0
149886	0	0	0	0	0	0	0
0	0	0	0	2281198	0	0	0
138634	0	0	0	0	0	0	0
0	0	0	622462	0	0	0	0
113514	0	0	0	0	0	0	0
124802	0	0	0	0	0	0	0
68986	0	0	0	0	0	0	0
79018	0	0	0	0	0	0	0
0	0	0	0	3918694	0	0	0
0	0	0	0	77694	0	0	0
0	0	0	0	0	0	0	8526646
0	0	0	0	0	0	0	819126
98934	0	0	0	0	0	0	40368954
75618	0	0	0	0	0	0	0
0	0	0	0	0	0	0	850866
121306	0	0	0	0	0	0	0
0	81662	0	0	0	0	0	0
166992	0	0	0	0	0	0	0
0	0	0	0	101354	0	0	0
0	0	0	4688550	0	0	0	0
0	0	0	933602	0	0	0	0
0	0	0	0	98290	0	0	0
124142	0	0	0	0	0	0	0
109018	0	0	0	0	0	0	0
0	0	0	822126	0	0	0	0
0	0	0	0	89974	0	0	0
0	10341998	0	0	0	0	0	0
0	159358	0	0	0	0	0	0
128552	0	0	0	0	0	0	0
0	0	0	0	93178	0	0	0
0	117542718	0	0	0	0	0	2640506
74944	0	0	0	0	0	0	0
0	0	0	0	93174	0	0	0
104734	0	0	0	0	0	0	0
119100	0	0	0	0	0	0	0
112484	0	0	0	0	0	0	0
0	0	0	97022	0	0	0	0
0	0	0	0	1473406	0	0	0
0	0	0	0	0	0	0	924350
0	0	0	0	0	0	0	18141030
105482	0	0	0	0	0	0	0
114140	0	0	0	0	0	0	0
80586	0	0	0	0	0	0	0
0	0	0	0	114286	0	0	0
73964	0	0	0	0	0	0	0
0	0	0	85610	0	0	0	0
0	0	0	102334	0	0	0	0
0	0	0	126502	0	0	0	0
0	14487470	0	0	0	0	0	0
0	0	0	0	102114	0	0	0
0	0	0	163490	0	0	0	0
0	0	0	0	90086	0	0	0
0	0	0	8711850	0	0	0	0
82784	0	0	0	0	0	0	0
0	0	0	0	0	0	0	5799850
0	0	0	0	0	0	0	248630
291934	0	0	0	0	0	0	0
0	0	0	0	0	0	0	17996598
74360	0	0	0	0	0	0	0
89368	0	0	0	0	0	0	0
0	0	0	89966	0	0	0	0
0	0	0	0	0	0	0	24189746
25862574	0	0	0	0	0	0	0
104106	0	0	0	0	0	0	0
502862	0	0	0	0	0	0	0
81290	0	0	0	0	0	0	0
95326	0	0	0	0	0	0	0
0	0	0	69294	0	0	0	0
0	0	0	0	1683438	0	0	0
0	0	0	110382	0	0	0	0
0	0	0	0	134882	0	0	0
7301462	0	0	0	0	0	0	0
172268	0	0	0	0	0	0	0
0	0	0	0	0	0	0	12979122
114768	0	0	0	0	0	0	0
0	0	0	0	147430	0	0	0
0	0	0	0	0	0	0	905062
0	0	0	0	93802	0	0	0
767526	0	0	0	0	0	0	0
0	0	0	80438	0	0	0	0
0	0	0	0	106346	0	0	0
0	0	0	200486	0	0	0	0
138318	0	0	0	0	0	0	0
122250	0	0	0	0	0	0	0
0	0	0	0	0	0	0	1710718
0	0	0	0	101114	0	0	0
0	0	0	155518	0	0	0	0
0	0	0	133794	0	0	0	0
86962	0	0	0	0	0	0	0
0	0	0	0	0	0	0	2813798
0	1723198	0	0	0	0	0	0
69318	0	0	0	0	0	0	0
0	85678	0	0	0	0	0	0
0	12753726	0	0	0	0	0	0
0	0	0	0	0	0	0	2501430
0	0	0	0	98170	0	0	0
0	0	0	6635198	6642294	0	0	0
0	0	0	0	3010530	0	0	0
0	85758	0	0	0	0	0	0
69318	0	0	0	0	0	0	0
0	0	0	233134	0	0	0	0
0	10677230	0	0	0	0	0	0
0	17652350	0	0	0	0	0	0
0	0	0	0	232170	0	0	0
130442	0	0	0	0	0	0	0
0	0	0	0	0	0	0	839594
111538	0	0	0	0	0	0	0
2798512	0	0	0	0	0	0	0
0	0	0	0	0	0	0	3337982
415270	0	0	0	0	0	0	0
0	0	0	0	0	0	0	1588774
0	0	0	0	85886	0	0	0
0	0	0	3857210	0	0	0	0
162578	0	0	0	0	0	0	0
0	0	0	183018	0	0	0	0
0	0	0	0	77430	0	0	0
0	0	0	0	0	0	0	7011126
0	0	0	0	0	0	0	24760038
0	0	0	0	109294	0	0	0
0	0	0	0	98026	0	0	0
171400	0	0	0	0	0	0	0
255246	0	0	0	0	0	0	0
127292	0	0	0	0	0	0	0
81530	0	0	0	0	0	0	0
0	0	0	146042	0	0	0	0
0	0	0	0	110462	0	0	0
0	0	0	0	76414	0	0	0
0	20142718	0	0	0	0	0	0
1392484	0	0	0	0	0	0	0
0	0	0	0	0	0	0	3926562
0	0	0	118322	0	0	0	0
0	0	0	0	0	0	0	14708454
0	0	0	0	0	0	0	682530
2147010	0	0	0	0	0	0	0
0	0	0	0	163706	0	0	0
165102	0	0	0	0	0	0	55450302
0	0	0	0	0	0	0	21753702
0	0	0	80562	0	0	0	0
0	0	0	0	102250	0	0	0
93936	0	0	0	0	0	0	0
0	0	0	0	118654	0	0	0
0	49130286	0	0	88694	0	0	0
0	0	0	0	101114	0	0	0
0	0	0	0	0	0	0	1022654
0	0	0	76726	0	0	0	0
0	0	0	0	102010	0	0	0
116022	0	0	0	0	0	0	0
101598	0	0	0	0	0	0	0
0	0	0	0	122598	0	0	0
0	0	0	0	73570	0	0	0
0	0	0	0	89070	0	0	0
0	0	0	0	180198	0	0	0
0	0	0	0	0	0	0	15145662
86648	0	0	0	0	0	0	0
0	0	0	0	80758	0	0	0
100508	0	0	0	0	0	0	0
0	0	0	7678826	0	0	0	0
0	0	0	0	216678	0	0	0
0	0	0	98106	0	0	0	0
0	0	0	6507438	0	0	0	0
111538	0	0	0	0	0	0	0
15157090	0	0	0	0	0	0	0
0	0	0	0	80610	0	0	0
0	0	0	113206	0	0	0	0
131072	0	0	0	0	0	0	0
0	0	0	0	544358	0	0	0
0	0	0	1108774	0	0	0	0
0	0	0	0	126690	0	0	0
0	0	0	80626	0	0	0	0
92634	0	0	0	0	0	0	0
0	0	0	0	84982	0	0	0
88222	0	0	0	0	0	0	0
0	0	0	106338	0	0	0	0
0	0	0	569262	580590	0	0	0
0	0	0	0	106234	0	0	0
0	0	0	0	0	0	0	1546942
7225028	0	0	0	0	0	0	0
0	0	0	0	0	0	0	3448490
0	0	0	2882302	0	0	0	0
0	0	0	1490742	0	0	0	0
0	0	0	5623790	5614314	0	0	0
0	0	0	0	81766	0	0	0
0	0	0	0	73338	0	0	0
0	0	0	0	0	0	0	1845866
95784	0	0	0	0	0	0	0
0	18636798	0	0	0	0	0	0
0	0	0	113594	0	0	0	0
284092	0	0	0	0	0	0	0
0	0	0	0	133746	0	0	0
0	0	0	150066	911986	0	0	0
0	0	0	0	102010	0	0	0
0	0	0	114486	0	0	0	0
104734	0	0	0	0	0	0	0
0	0	0	0	1118058	0	0	0
0	0	0	0	118766	0	0	0
0	0	0	0	0	0	0	4119230
0	0	0	133758	0	0	0	0
148716	0	0	0	0	0	0	0
0	0	0	0	89838	0	0	0
0	0	0	0	151422	0	0	0
0	0	0	158250	0	0	0	0
83014	0	0	0	0	0	0	0
0	0	0	0	0	0	0	249458
187830	0	0	0	0	0	0	0
0	0	0	0	113662	0	0	0
16361736	0	0	0	0	0	0	0
4414628	0	0	0	0	0	0	0
81530	0	0	0	0	0	0	0
2652948	0	0	0	0	0	0	0
0	0	0	0	0	0	0	18173678
0	0	0	0	0	0	0	22884078
10623448	0	0	0	0	0	0	0
0	0	0	0	80610	0	0	0
263398	0	0	0	0	0	0	0
0	0	0	0	188142	0	0	0
78394	0	0	0	0	0	0	0
13796588	0	0	0	0	0	0	0
135440	0	0	0	0	0	0	0
94872	0	0	0	0	0	0	0
127952	0	0	0	0	0	0	0
0	0	0	0	114286	0	0	0
94386	0	0	0	0	0	0	0
0	0	0	0	84846	0	0	0
0	154558	0	0	0	0	0	0
68056	0	0	0	0	0	0	0
0	0	0	0	76526	0	0	0
0	0	0	0	109294	0	0	0
0	0	0	154410	0	0	0	0
0	0	0	84534	0	0	0	52489210
0	0	0	0	130026	0	0	0
0	0	0	0	0	0	0	5652006
0	0	0	0	101354	0	0	0
0	0	0	261730	0	0	0	0
0	0	0	0	73570	0	0	0
155728	0	0	0	0	0	0	0
73098	0	0	0	0	0	0	0
0	0	0	0	117374	0	0	0
0	0	0	0	0	0	0	21098342
95496	0	0	0	0	0	0	0
118530	0	0	0	0	0	0	0
283466	0	0	0	0	0	0	0
86962	0	0	0	0	0	0	0
360290	0	0	0	0	0	0	0
0	0	0	0	1040358	0	0	0
0	0	0	0	72434	0	0	0
70552	0	0	0	0	0	0	0
0	0	0	92926	0	0	0	0
0	0	0	0	92898	0	0	0
143614	0	0	0	0	0	0	0
87382	0	0	0	0	0	0	0
0	0	0	129710	0	0	0	0
142360	0	0	0	0	0	0	0
0	0	0	0	81766	0	0	0
176226	0	0	0	0	0	0	0
88220	0	0	0	0	0	0	0
0	0	0	0	125666	0	0	0
0	0	0	0	0	0	0	1297402
0	0	0	790318	0	0	0	0
0	130942	0	0	0	0	0	0
0	0	0	0	167794	0	0	0
0	0	0	121646	0	0	0	0
0	0	0	0	0	0	0	129970
121038	0	0	0	0	0	0	0
20692992	0	0	0	0	0	0	0
0	0	0	101310	0	0	0	0
75524	0	0	0	0	0	0	0
0	0	0	0	0	0	0	449458
0	0	0	0	1436274	0	0	0
0	0	0	0	84838	0	0	0
119784	0	0	0	0	0	0	0
0	0	0	0	212966	0	0	0
0	0	0	0	3186426	0	0	0
0	0	0	105274	0	0	0	0
0	15974078	0	0	0	0	0	0
120360	0	0	0	0	0	0	0
0	0	0	371370	0	0	0	0
15894204	0	0	0	0	0	0	0
0	0	0	0	102394	0	0	0
0	0	0	121470	0	0	0	0
114058	0	0	0	0	0	0	0
0	0	0	129590	0	0	0	0
0	0	0	0	0	0	0	814822
0	0	0	0	126706	0	0	0
0	0	0	143270	0	0	0	0
346586	0	0	0	0	0	0	0
0	0	0	0	0	0	0	7655338
0	0	0	142186	0	0	0	0
0	0	0	76578	0	0	0	0
0	0	0	0	118510	0	0	0
0	0	0	0	0	0	0	834170
0	0	0	102062	0	0	0	0
117210	0	0	0	0	0	0	0
0	0	0	0	0	0	0	3084006
86960	0	0	0	0	0	0	0
0	0	0	0	146294	0	0	0
0	0	0	0	110574	0	0	0
0	0	0	0	114286	0	0	0
0	0	0	0	94202	0	0	0
0	0	0	0	77558	0	0	0
0	0	0	100898	0	0	0	0
298062	0	0	129778	0	0	0	0
0	0	0	0	101098	0	0	0
138596	0	0	0	0	0	0	0
151236	0	0	0	0	0	0	0
0	0	0	0	174962	0	0	0
0	0	0	0	0	0	0	835310
0	0	0	0	539362	0	0	0
0	0	0	97826	0	0	0	0
0	0	0	0	93034	0	0	0
0	0	0	0	89830	0	0	0
0	0	0	0	0	0	0	290662
0	0	0	101374	0	0	0	12119594
0	0	0	0	2592618	0	0	0
106614	0	0	0	0	0	0	0
0	0	0	0	80894	0	0	0
0	0	0	0	0	0	0	887330
0	0	0	0	318446	0	0	0
85292	0	0	0	0	0	0	0
167622	0	0	0	0	0	0	0
0	0	0	0	77554	0	0	0
3095944	0	0	0	0	0	0	0
0	0	0	0	113662	0	0	0
0	0	0	0	6830954	0	0	0
0	0	0	0	151286	0	0	0
1729142	0	0	0	0	0	0	0
0	0	0	0	163454	0	0	0
101456	0	0	0	0	0	0	0
0	0	0	0	89726	0	0	0
80030	0	0	0	0	0	0	0
0	0	0	105342	0	0	0	0
0	0	0	0	167546	0	0	0
71182	0	0	0	0	0	0	0
1860528	0	0	0	0	0	0	0
103976	0	0	0	0	0	0	0
126056	0	0	0	0	0	0	0
0	0	0	0	0	0	0	24522282
68688	0	0	0	0	0	0	0
161948	0	0	0	0	0	0	0
0	0	0	0	0	0	0	4688502
0	0	0	69546	0	0	0	0
0	0	0	0	81654	0	0	0
0	0	0	0	0	0	0	18550626
109018	0	0	0	0	0	0	0
0	0	0	10182570	0	0	0	0
0	0	0	0	135162	0	0	0
0	0	0	0	178806	0	0	0
0	0	0	0	80894	0	0	0
0	0	0	0	98166	0	0	0
0	0	0	0	101114	0	0	0
165252	0	0	0	0	0	0	0
0	0	0	0	139250	0	0	0
0	0	0	0	0	0	0	16953070
0	0	0	126566	0	0	0	0
0	0	0	0	0	0	0	1253370
0	0	0	84714	0	0	0	0
0	0	0	0	72434	0	0	0
0	0	0	0	97890	0	0	0
0	0	0	0	80610	0	0	0
114688	0	0	0	0	0	0	0
0	0	0	196410	0	0	0	0
0	0	0	0	0	0	0	12271142
2946612	0	0	0	0	0	0	0
154590	0	0	0	0	0	0	0
0	0	0	0	196194	0	0	0
0	0	0	0	0	0	0	6843386
0	0	0	0	155374	0	0	0
0	0	0	0	0	0	0	88942
0	0	0	0	0	0	0	823210
0	0	0	163494	0	0	0	0
0	0	0	0	131058	0	0	0
86546	0	0	0	0	0	0	0
0	0	0	0	25165410	0	0	0
0	0	0	0	101114	0	0	0
0	0	0	0	118654	0	0	0
0	0	0	17779362	0	0	0	0
0	0	0	0	0	0	0	25145330
0	0	0	0	0	0	0	1014562
0	0	0	203578	0	0	0	0
0	0	0	0	118374	0	0	0
0	0	0	0	101114	0	0	0
414010	0	0	0	0	0	0	0
166820	0	0	0	0	0	0	0
0	0	0	0	101098	0	0	0
0	0	0	0	126974	0	0	0
4566096	0	0	0	0	0	0	0
119470	0	0	0	0	0	0	0
0	0	0	0	0	0	0	3160610
0	0	0	0	0	0	0	1387198
101598	0	0	0	0	0	0	0
0	0	0	0	94202	0	0	0
0	0	0	0	146146	0	0	0
0	0	0	69422	0	0	0	0
0	0	0	0	85998	0	0	0
86546	0	0	0	0	0	0	0
0	0	0	20897634	0	0	0	0
0	0	0	96890	0	0	0	0
0	0	0	0	420858	0	0	0
125402	0	0	0	0	0	0	0
0	0	0	0	80498	0	0	0
0	0	0	0	0	0	0	17349438
0	0	0	0	0	0	13265534	0
0	0	0	0	77430	0	0	0
95326	0	0	0	0	0	0	0
9773642	0	0	0	0	0	0	0
5403288	0	0	0	0	0	0	0
169014	0	0	0	0	0	0	0
196608	0	0	0	0	0	0	0
0	0	0	0	97914	0	0	0
0	0	0	0	0	0	0	764922
88006	0	0	0	0	0	0	0
157600	0	0	0	0	0	0	0
0	106030	0	0	0	0	0	0
0	0	0	0	253670	0	0	0
0	0	0	0	0	0	0	23223098
0	0	0	0	0	0	0	6602282
0	0	0	0	6250214	0	0	0
0	0	0	0	89830	0	0	0
147456	0	0	0	0	0	0	0
0	0	0	166434	0	0	0	0
0	0	0	0	101354	0	0	0
0	0	0	0	0	0	0	879138
119784	0	0	0	0	0	0	0
0	0	0	0	0	0	0	4647614
161030	0	0	0	0	0	0	0
0	0	0	0	162790	0	0	0
0	0	0	158698	0	0	0	0
0	0	0	0	114662	0	0	0
0	0	0	0	0	0	0	449214
0	0	0	126766	0	0	0	0
122566	0	0	0	0	0	0	0
0	0	0	0	106346	0	0	0
111946	0	0	0	0	0	0	0
0	1182382	0	0	0	0	0	0
162114	0	0	0	0	0	0	0
0	0	0	0	171882	0	0	0
0	0	0	0	355178	0	0	0
0	0	0	0	0	0	0	13982398
65848	0	0	0	0	0	0	0
101738	0	0	0	0	0	0	0
0	0	0	0	89974	0	0	0
0	0	0	105206	0	0	0	0
0	0	0	0	0	0	0	24293222
69280	0	0	0	0	0	0	0
0	0	0	0	184190	0	0	0
1023922	0	0	0	0	0	0	0
0	0	0	0	0	0	0	4078514
85510	0	0	0	0	0	0	0
96414	0	0	0	0	0	0	0
0	24939374	0	0	0	0	0	0
17349482	0	0	0	0	0	0	0
172462	0	0	0	0	0	0	0
0	12824510	0	0	0	0	0	0
0	0	0	0	0	0	0	1604530
0	0	0	0	158710	0	0	0
0	0	0	0	0	0	0	809662
0	122430	0	0	0	0	0	0
0	0	0	215914	0	0	0	0
0	0	0	233134	0	0	0	0
223446	0	0	0	0	0	0	0
105988	0	0	0	0	0	0	0
0	88854510	0	0	0	0	0	1289958
0	0	0	125934	0	0	0	0
0	0	0	0	76390	0	0	0
0	24731390	0	0	0	0	0	0
0	0	0	0	121838	0	0	0
0	0	0	22313962	0	0	0	0
118470	0	0	0	0	0	0	0
0	0	0	0	109294	0	0	0
0	0	0	0	162686	0	0	0
0	0	0	0	233186	0	0	0
0	0	0	0	89974	0	0	0
513576	0	0	0	0	0	0	0
0	0	0	0	98170	0	0	0
0	0	0	113334	0	0	0	0
0	0	0	135030	0	0	0	0
100970	0	0	0	0	0	0	0
0	0	0	0	89974	0	0	0
147376	0	0	0	0	0	0	0
84442	0	0	0	0	0	0	52367078
0	0	0	0	81654	0	0	0
0	0	0	130790	0	0	0	0
0	0	0	0	80758	0	0	0
0	0	0	0	85606	0	0	0
0	0	0	0	118766	0	0	0
0	0	0	0	94066	0	0	0
0	0	0	0	126702	0	0	0
0	0	0	0	0	0	0	2232046
0	0	0	0	85750	0	0	0
0	0	0	0	88694	0	0	0
0	0	0	0	0	0	0	3439418
0	0	0	0	129778	0	0	0
0	0	0	125482	0	0	0	0
119100	0	0	0	0	0	0	0
0	0	0	0	0	0	0	3042930
0	0	0	0	84838	0	0	0
97834	0	0	0	0	0	0	0
110278	0	0	0	0	0	0	0
0	0	0	0	0	0	0	24899302
179050	0	0	0	0	0	0	0
112886	80638	0	0	0	0	0	0
0	0	0	0	113662	0	0	0
132332	0	0	0	0	0	0	0
134222	0	0	0	0	0	0	0
0	0	0	121778	0	0	0	0
0	0	0	0	0	0	0	3214958
0	0	0	0	101114	0	0	0
0	0	0	0	88694	0	0	0
80588	0	0	0	0	0	0	0
0	0	0	0	1539946	0	0	0
0	0	0	0	88694	0	0	0
0	0	0	0	73322	0	0	0
0	0	0	105002	0	0	0	0
0	789118	0	0	0	0	0	0
84038	0	0	0	0	0	0	0
0	0	0	97058	0	0	0	0
0	0	0	0	380662	0	0	0
72750	0	0	0	0	0	0	0
0	0	0	0	76390	0	0	0
112886	0	0	0	0	0	0	0
94872	0	0	0	0	0	0	0
0	0	0	0	117606	0	0	0
91128	0	0	0	0	0	0	0
0	0	0	0	80758	0	0	0
0	0	0	0	93162	0	0	0
0	0	0	265982	0	0	0	0
0	0	0	0	129890	0	0	0
94870	0	0	0	0	0	0	0
0	0	0	0	101098	0	0	0
0	0	0	0	98170	0	0	0
0	0	0	106362	0	0	0	0
0	0	0	0	0	0	0	2805674
0	0	0	0	269042	0	0	0
0	0	0	0	0	0	0	7294694
0	135086	0	0	0	0	0	0
0	21585918	0	0	0	0	0	0
0	0	0	256874	0	0	0	0
122294	0	0	0	0	0	0	0
0	0	0	0	490090	0	0	0
0	25128558	0	0	0	0	0	0
75572	0	0	0	0	0	0	0
0	0	0	0	0	0	0	24788718
0	0	0	0	1752062	0	0	0
0	0	0	0	0	0	0	13449762
0	0	0	0	98170	0	0	0
0	22780862	0	0	0	0	0	0
768786	0	0	0	0	0	0	15806190
0	0	0	531258	528378	0	0	0
0	0	0	0	151422	0	0	0
84756	0	0	0	0	0	0	0
182116	0	0	0	0	0	0	0
103662	0	0	0	0	0	0	0
171402	0	0	0	0	0	0	0
0	0	0	174754	0	0	0	0
2882954	0	0	0	0	0	0	0
0	0	0	114358	0	0	0	0
0	0	0	0	90086	0	0	0
0	0	0	0	0	0	0	9533994
0	0	0	0	305786	0	0	0
19658280	0	0	0	0	0	0	0
0	0	0	125802	0	0	0	0
0	0	0	0	81766	0	0	0
0	0	0	0	117502	0	0	0
0	0	0	0	203362	0	0	0
80030	0	0	0	0	0	0	0
0	0	0	0	106106	0	0	0
0	0	0	0	76662	0	0	0
77396	0	0	0	0	0	0	0
109962	0	0	0	0	0	0	0
103478	0	0	0	0	0	0	0
1246128	0	0	0	0	0	0	0
0	0	0	1257382	0	0	0	0
0	0	0	0	0	0	0	2498474
135460	0	0	0	0	0	0	0
0	0	0	0	88694	0	0	0
0	0	0	0	106482	0	0	0
0	0	0	0	0	0	0	3226418
2999678	0	0	0	0	0	0	0
0	0	0	0	0	0	0	482226
0	0	0	0	110462	0	0	0
0	0	0	0	0	0	0	5336930
0	4074350	0	0	0	0	0	0
0	0	0	0	89830	0	0	0
68032	0	0	0	0	0	0	0
0	0	0	0	1063798	0	0	0
0	15080382	0	0	0	0	0	0
0	0	0	0	84982	0	0	0
0	7749182	0	0	0	0	0	0
0	0	0	0	167794	0	0	0
1189100	0	0	0	0	0	0	0
0	0	0	109098	0	0	0	0
0	0	0	1036274	0	0	0	0
0	85998	0	0	0	0	0	0
77766	0	0	0	0	0	0	0
0	0	0	65250	0	0	0	0
0	0	0	0	2292466	0	0	0
0	0	0	93930	0	0	0	0
102224	0	0	0	0	0	0	0
0	0	0	0	0	0	0	14921454
0	0	0	0	80614	0	0	0
112886	0	0	0	0	0	0	0
0	0	0	0	151286	0	0	0
76512	0	0	0	0	0	0	0
226712	0	0	0	0	0	0	0
0	0	0	126566	0	0	0	0
0	0	0	0	101354	0	0	0
95954	0	0	0	0	0	0	0
0	0	0	0	0	0	0	1383102
0	19078910	0	0	0	0	0	0
0	0	0	0	159738	0	0	0
0	130750	0	0	0	0	0	0
0	162414	0	0	0	0	0	0
0	0	0	76406	0	0	0	0
0	0	0	0	133746	0	0	0
112798	0	0	0	0	0	0	0
0	0	0	11717486	0	0	0	0
0	0	0	96890	0	0	0	2481014
0	0	0	85926	0	0	0	0
588888	0	0	0	0	0	0	0
0	0	0	0	0	0	0	22186930
108072	0	0	0	0	0	0	0
85702	0	0	0	0	0	0	0
4032356	0	0	0	0	0	0	0
0	0	0	0	0	0	0	6332142
0	0	0	0	134122	0	0	0
0	0	0	0	7139186	0	0	0
0	0	0	0	0	0	0	11471866
0	0	0	0	93802	0	0	0
0	4233854	0	0	0	0	0	0
0	7092798	0	0	0	0	0	0
0	0	0	0	110198	0	0	0
100490	0	0	0	0	0	0	0
0	0	0	0	84734	0	0	19713894
0	0	0	0	98026	0	0	0
86546	0	0	0	0	0	0	0
0	0	0	85610	0	0	0	0
163682	0	0	0	0	0	0	0
0	0	0	0	105330	0	0	0
132008	0	0	0	0	0	0	0
72122	0	0	0	0	0	0	0
0	0	0	0	98026	0	0	0
0	151534	0	0	0	0	0	0
0	0	0	0	179818	0	0	0
11172328	0	0	0	0	0	0	11205438
0	0	0	3907578	0	0	0	0
0	0	0	0	81650	0	0	0
0	0	0	0	0	0	0	473790
127328	0	0	0	0	0	0	0
97520	0	0	0	0	0	0	0
354776	0	0	0	0	0	0	0
0	0	0	0	114286	0	0	0
0	0	0	0	0	0	0	2247522
92004	0	0	0	0	0	0	0
0	0	0	97142	0	0	0	0
0	0	0	0	138210	0	0	0
100996	0	0	0	0	0	0	0
102716	0	0	0	0	0	0	0
69318	0	0	0	0	0	0	0
118470	0	0	0	0	0	0	0
0	21634046	0	0	0	0	0	0
0	0	0	0	101098	0	0	0
0	0	0	0	211826	0	0	0
0	0	0	89974	0	0	0	0
0	0	0	0	118654	0	0	0
191882	0	0	0	0	0	0	0
0	0	0	0	85606	0	0	0
161318	0	0	0	0	0	0	0
106496	0	0	0	0	0	0	0
77824	0	0	0	0	0	0	0
0	13270718	0	0	0	0	0	0
0	0	0	0	196218	0	0	0
104734	0	0	0	0	0	0	0
0	0	0	2920382	0	0	0	0
0	0	0	0	0	0	0	11071214
0	0	0	0	114422	0	0	0
0	0	0	0	106106	0	0	0
141106	0	0	0	0	0	0	0
0	84846	0	0	0	0	0	0
0	0	0	0	142962	0	0	0
0	0	0	89974	0	0	0	0
0	0	0	81722	0	0	0	0
0	0	0	0	109438	0	0	0
117210	0	0	0	0	0	0	0
0	0	0	0	109294	0	0	0
0	0	0	0	122494	0	0	0
0	0	0	0	0	0	0	7282218
103032	0	0	0	0	0	0	0
84664	0	0	0	0	0	0	0
0	0	0	0	93162	0	0	0
0	0	0	0	130682	0	0	0
0	0	0	0	97018	0	0	0
0	0	0	0	89974	0	0	0
80660	0	0	0	0	0	0	0
0	0	0	84714	0	0	0	0
0	0	0	25153198	0	0	0	0
0	0	0	0	331770	0	0	0
0	0	0	0	73570	0	0	0
13191954	0	0	0	0	0	0	0
0	0	0	0	0	0	0	8154734
0	0	0	0	113662	0	0	0
0	114366	0	0	0	0	0	0
0	0	0	0	171626	0	0	0
135482	0	0	0	0	0	0	0
352256	0	0	0	0	0	0	0
0	0	0	0	80498	0	0	0
163524	0	0	0	0	0	0	0
169512	0	0	0	0	0	0	0
0	0	0	0	137826	0	0	0
133592	0	0	0	0	0	0	0
87592	0	0	0	0	0	0	0
0	0	0	0	109438	0	0	0
0	0	0	179130	0	0	0	0
0	0	0	0	0	0	0	4947498
0	0	0	0	106106	0	0	0
0	129838	0	0	0	0	0	0
126032	0	0	0	0	0	0	0
0	163374	0	0	0	0	0	0
0	0	0	0	0	0	0	18902754
0	0	0	0	98170	0	0	0
