1427930
1427614
1427300
1427928
1427300
1427300
1427930
1427614
1427930
1427300
1427300
1427928
1427928
1428244
1427300
1427930
1427614
1427300
1427300
1427300
1427300
1427930
1427930
1427300
1427930
1427614
1427300
1427928
1427612
1427612
1427612
1427928
1427928
1427612
1427928
1427928
1427928
1427928
1427300
1427300
1427930
1427614
1427300
1427930
1427614
1427614
1427300
1427300
1427930
1427300
1427300
1427614
1427930
1427930
1427300
1427614
1427614
1427930
1427300
1427300
1427930
1427614
1427300
1427300
1427300
1427614
1427300
1427300
1427930
1427300
1427300
1427614
1427930
1427996
1427612
1427928
1427612
1427928
1427928
1427928
1427928
1427928
1427928
1427298
1427614
1427930
1427614
1427300
1427300
1427300
1427614
1427300
1427300
1427300
1427300
1427300
1427300
1427300
1427368
1427300
1427930
1427930
1427930
1427300
1427930
1427930
1427300
1427300
1427930
1427614
1427300
1427614
1427614
1427614
1427614
1427300
1427930
1427614
1427300
1427614
1427612
1428558
1427298
1427928
1427680
1427928
1427928
1427928
1427928
1427928
1427300
1427300
1427300
1427614
1427300
1427930
1427930
1427682
1427614
1427300
1427614
1427614
1427300
1427614
1427930
1427368
1427300
1427300
1427614
1427300
1427930
1427368
1427300
1427300
1427300
1427930
1427300
1427996
1427930
1427996
1427614
1427300
1427614
1427614
1427300
1427368
1427928
1427928
1427298
1427298
1427928
1427680
1427298
1427928
1427928
1428242
1427614
1427300
1427996
1427930
1427300
1427300
1427930
1427300
1427368
1427930
1427614
1427300
1427614
1427300
1427996
1427368
1427368
1427930
1427300
1427300
1427682
1427930
1427368
1427614
1427930
1427300
1427300
1427930
1427996
1427300
1427930
1427930
1427930
1427614
1427368
1427930
1427612
1427298
1427298
1427298
1427680
1427298
1427054
1427928
1427928
1427298
1427300
1427996
1427614
1427930
1427300
1427930
1427614
1427368
1427930
1427368
1427614
1427300
1427930
1427996
1427368
1427368
1427930
1427300
1427300
1427300
1427614
1427682
1427996
1427614
1427614
1427300
1427300
1427996
1427614
1427614
1427930
1427930
1427300
1427682
1427368
1427996
1427612
1427298
1427612
1427612
1427928
1427054
1427054
1427928
1427298
1427928
1427682
1427996
1427368
1427300
1427930
1427930
1427300
1427300
1427682
1427930
1427614
1427300
1427614
1427930
1427368
1427300
1427996
1427300
1427300
1427300
1427682
1427682
1427368
1427614
1427614
1427300
1427300
1427300
1427368
1427300
1427614
1427930
1427300
1427300
1427996
1427614
1427366
1427298
1427928
1427928
1427054
1427054
1427680
1427928
1427928
1427928
1427368
1427368
1427300
1427614
1427614
1427300
1427300
1427996
1427368
1427996
1427930
1427930
1427300
1427682
1427368
1427682
1427300
1427614
1427930
1427300
1427368
1427368
1427930
1427300
1427930
1427930
1427614
1427368
1427996
1427056
1427300
1427300
1427930
1427368
1427614
1427680
1427928
1427298
1427928
1427994
1427680
1427054
1427928
1427928
1427298
1427300
1427996
1427930
1427368
1427614
1427300
1427300
1427368
1427682
1427056
1427300
1427930
1427930
1427368
1427300
1427682
1427996
1427996
1427614
1427996
1427368
1427368
1427300
1427682
1427930
1427930
1427930
1427368
1427368
1427368
1427614
1427368
1427300
1427996
1427300
1427368
1427054
1427928
1427298
1427680
1427680
1427680
1427298
1427054
1427928
1427928
1427682
1427300
1427996
1427368
1427300
1427930
1427368
1427368
1427996
1427614
1427368
1427300
1427300
1427300
1427368
1427996
1427996
1427300
1427930
1427930
1427368
1427996
1427368
1427614
1427300
1427614
1428310
1427368
1427368
1427930
1427930
1427300
1427996
1427300
1427368
1427054
1427054
1427928
1427054
1427298
1427680
1427612
1427366
1427928
1427928
1427368
1427300
1427682
1427996
1427368
1427930
1427368
1427682
1427368
1427682
1427368
1427300
1427300
1427930
1427368
1427368
1427996
1427300
1427300
1427682
1427996
1427300
1427996
1427996
1427300
1427930
1427368
1427368
1427368
1427614
1427682
1427300
1427300
1427300
1427996
1427680
1427054
1427928
1427928
1427054
1427366
1427680
1427054
1427298
1427680
1427368
1427614
1427368
1427996
1427996
1427300
1427996
1427996
1427368
1427300
1427368
1427682
1427368
1427996
1427438
1427682
1427682
1427614
1427996
1427300
1427368
1427614
1427368
1427368
1427996
1427930
1427368
1427368
1427368
1427368
1427930
1427300
1427300
1427300
1427996
1427368
1427996
1427612
1427928
1427298
1427366
1427928
1427680
1427054
1427680
1427298
1427298
1427368
1427996
1427368
1427300
1427368
1427996
1427368
1427300
1427368
1427368
1427682
1427300
1427614
1427996
1427682
1427368
1427996
1427300
1427368
1427300
1427682
1427368
1427368
1427300
1427682
1427300
1427368
1427300
1427682
1427996
1427300
1427300
1427930
1427368
1427368
1427928
1427366
1427928
1427680
1427928
1427366
1427680
1427680
1427928
1427298
1427996
1427682
1427682
1427368
1427368
1427930
1427682
1427930
1427996
1427682
1427368
1427614
1427682
1427300
1427368
1427930
1427996
1427996
1427300
1427300
1427682
1427368
1427996
1427930
1427300
1427614
1427368
1427300
1427368
1427368
1427368
1427614
1427300
1427300
1427996
1427368
1427054
1427366
1427680
1427612
1427680
1427054
1427680
1427928
1427680
1427928
1428062
1427682
1427300
1427996
1427682
1427368
1427930
1427368
1427996
1427368
1427300
1427996
1427614
1427996
1427300
1427996
1427682
1427996
1427930
1427996
1427996
1427996
1427996
1427996
1427300
1427930
1427930
1427996
1427368
1427368
1427300
1427300
1427300
1427368
1427300
1427368
1427368
1427680
1427298
1427680
1427680
1427680
1427298
1427366
1427928
1427680
1427996
1427300
1427996
1427996
1427368
1427930
1427996
1427996
1427996
1427996
1427996
1427300
1427996
1427300
1427368
1427368
1427368
1427300
1427368
1427300
1427368
1427300
1427368
1427682
1427368
1427300
1427996
1427996
1427368
1427614
1427930
1427930
1427614
1427614
1427996
1427368
1427366
1427612
1427680
1427680
1427366
1427054
1427054
1427928
1427054
1427298
1427614
1427368
1427996
1427056
1427930
1427368
1427368
1427368
1427614
1427368
1427682
1427368
1427300
1427682
1427996
1427368
1427300
1427368
1427300
1427996
1427300
1427682
1427996
1427368
1427300
1427368
1427368
1427368
1427996
1427996
1427930
1427996
1427300
1427996
1427996
1427368
1427298
1427366
1427928
1427680
1427298
1427366
1427054
1427680
1427928
1427930
1427750
1427996
1427368
1427614
1427996
1427368
1427368
1427614
1427368
1427930
1427368
1427930
1427996
1427054
1427366
1427298
1427054
1427680
1427680
1427928
1427054
1427366
1427680
1427996
1427300
1427368
1427996
1427368
1427930
1427368
1427682
1427996
1427368
1427682
1427300
1427682
1427300
1427996
1427368
1427368
1427614
1427368
1427930
1427682
1427300
1427368
1427682
1427300
1427300
1427996
1427368
1427368
1427930
1427368
1427996
1427368
1427930
1427368
1427368
1427054
1427928
1427680
1427054
1427366
1427054
1427054
1427680
1427366
1427928
1427614
1427996
1427368
1427996
1427300
1427682
1427996
1427438
1427930
1427368
1427682
1427368
1427300
1427368
1427368
1427368
1427300
1427996
1427368
1427368
1427614
1427438
1427682
1427368
1427300
1427996
1427682
1427368
1427368
1427996
1427300
1427368
1427930
1428310
1427682
1427368
1427298
1427680
1427298
1427054
1427298
1427680
1427054
1427680
1427612
1427054
1427682
1427682
1427682
1427300
1427682
1427930
1427996
1427930
1427996
1427996
1427368
1427300
1427996
1427368
1427368
1427682
1427368
1427614
1427368
1427300
1427682
1427368
1427368
1427300
1427682
1427300
1427368
1427930
1427682
1427682
1427682
1427930
1427682
1427682
1427368
1427614
1427366
1427928
1427680
1427928
1427366
1427054
1427680
1427928
1427054
1427680
1428062
1427682
1427368
1427368
1427682
1427682
1427300
1427996
1427996
1427682
1427930
1427996
1427996
1427682
1427300
1427996
1427368
1427368
1427300
1427368
1427368
1427368
1427300
1427368
1427300
1427368
1427300
1427996
1427996
1427368
1427614
1427996
1427996
1427682
1427368
1427996
1427366
1427054
1427298
1427366
1427680
1427054
1427928
1427680
1427680
1427366
1427682
1427930
1427682
1427368
1427682
1427930
1427368
1427368
1427996
1427614
1427682
1427614
1427996
1428244
1427368
1427996
1427996
1427300
1427368
1427996
1427750
1427368
