906792
907108
907106
906478
907422
906792
906792
907422
907108
906792
907422
907422
907108
906792
907420
907106
907422
907106
907420
906790
907108
906792
907422
906792
906792
906792
906478
907108
907422
906792
906792
906792
907422
907108
906792
906792
906792
906792
906792
907108
906792
906792
906792
907108
907422
906792
906792
906792
906792
907108
906792
907108
906792
907422
906792
906792
906792
906478
907422
906792
907106
907106
906790
907420
907106
907420
906790
906792
906792
907422
906792
906792
906792
907108
907422
906792
906792
906792
907108
907108
906792
907108
906792
907422
906792
906792
906792
906478
907422
906844
906792
906792
906792
907422
906792
906792
907422
907108
907422
906792
906792
906792
907422
906792
906792
906792
906792
907106
907420
906790
906790
906790
907420
907420
907108
906792
906844
907422
907422
906792
906792
906792
906844
907422
906792
906792
906792
907108
906792
906792
906844
906792
906792
907108
906792
907108
906792
907422
906844
906792
906792
906792
907108
907422
906844
906792
906792
906792
907108
906792
906792
906792
906792
907108
907420
907420
907156
906790
907420
907420
907420
907106
906792
906844
906792
906844
907422
906792
906792
907158
906792
906844
906792
906792
907422
906478
907158
907158
906792
906792
906792
906792
907108
906844
906844
906844
906792
907422
906792
906792
906792
907470
906792
907422
906792
906792
906792
906844
906792
907422
906792
906792
906790
907156
906528
907156
906790
907106
907420
906790
907158
907422
906844
907108
906792
906792
907108
906844
906844
906792
907158
907108
907108
906792
907470
906844
907470
907422
906792
907108
906792
906792
907470
906792
906792
907422
906792
907422
906844
906792
906792
907108
906792
906792
907158
907422
906844
907108
906792
907106
906528
907106
906528
906790
907420
907106
906478
906792
906844
906844
906792
906792
906792
906792
907108
906844
906844
906844
906792
906792
906792
907158
907422
907470
906792
906792
907108
906478
906844
906844
906792
907422
906792
906792
906792
906844
906844
906844
906792
907422
906792
907158
907422
907470
906792
906792
906792
907420
907156
907156
906790
906790
907420
906790
907470
906792
907470
906844
907108
906792
906844
907158
906844
906792
907158
906792
907470
906792
907158
906844
907158
906792
907422
906792
906478
906792
906844
906844
906792
906792
907158
906792
906844
906792
906844
906792
906792
906792
906792
907470
906844
907422
907108
906792
906790
907736
906528
907156
906528
907420
907106
907420
906844
906844
906844
906844
906792
906792
906792
907470
906844
907470
907108
907158
906792
906844
907108
906844
906530
907422
906792
906792
907158
906844
907422
906844
906792
906792
907108
906844
907470
906844
906792
906792
907108
906792
906792
906844
907470
906792
907422
906790
907106
906842
907106
906528
907420
907420
907158
906792
906844
906844
906844
906792
907108
906792
906844
906792
907470
906844
906792
906792
906844
907158
906844
906792
906844
906844
907422
906478
906844
906844
906530
906792
907108
906792
906844
906792
907470
906844
906792
906792
906792
907158
906844
907422
906792
906792
907106
906790
906528
906528
906842
907420
907420
907420
906844
906844
906792
906844
906792
907470
906478
907158
907470
907158
906792
906792
906792
906792
907422
906844
906844
907470
907422
907108
906844
906844
907470
906844
907158
906792
907108
907158
907470
906844
906792
906844
906792
906792
906792
906844
907470
906844
906792
906790
907106
906528
906790
906528
906528
907420
907420
906842
906844
906844
906844
907108
906844
907108
907158
907470
906844
907158
906792
906792
906792
906844
906844
906792
907108
906792
906844
907422
907158
907470
906844
907108
907422
907158
907158
906792
906844
906844
906792
906792
906792
907470
907470
906792
906844
906792
907156
906790
907156
906528
906528
907106
906790
906790
907470
906894
906792
906844
906844
907470
907108
907470
906844
906844
906844
907108
906792
906844
906792
907470
907158
906844
906792
906844
907470
906844
906792
906844
907422
906792
907422
907158
906844
906844
906792
906792
906792
907158
906792
906844
906844
906844
907108
906842
906790
906528
906842
906842
907156
906528
906790
907108
906894
906844
906844
906792
907470
907158
906844
906792
906844
906844
907158
906792
906844
906844
907470
907108
907158
906792
906792
906478
906844
906844
906530
907422
906844
906792
907158
906844
907470
906844
906792
906792
907158
907158
906844
906792
907158
907108
907156
906790
906528
906842
906842
907420
906528
907106
907158
907470
906792
906844
906792
906844
907108
906844
906844
906844
907422
906844
906844
906844
906844
907470
906844
906844
906792
907470
906844
906844
906792
907158
907422
906844
906792
907158
907470
906844
906792
906792
907108
906844
906792
906844
907470
907158
906792
906528
906528
907156
907420
906528
906842
906528
907106
907470
906844
906844
906844
907422
907158
906844
906894
907422
906844
906844
906844
906792
907470
906844
906844
906844
906844
907108
906844
907108
906844
907470
906844
906792
906792
907158
906844
906792
906844
906844
907158
907108
906844
906844
906844
907422
906844
906792
906528
906790
907156
907156
906528
907106
906528
906790
907158
907158
906844
906844
906792
906844
906792
906894
906844
906844
907108
907158
906792
906844
906792
906844
907470
906844
906792
906844
906844
907158
906792
906844
907108
906844
907108
906844
906844
906844
906478
907470
906792
906844
907158
907470
907470
906844
907108
906528
907106
906892
906790
906528
906528
907156
907420
907108
906844
906844
906844
907108
907158
906792
906844
906792
907470
907158
907470
906792
907158
907470
906844
906792
906844
906844
907470
906792
906844
906844
906844
907422
906844
906844
906844
907422
906844
906844
906844
906792
907470
906844
906844
906844
906530
907422
906844
906790
907156
907156
907156
907106
906528
907420
907158
907470
906792
906844
907158
906844
907422
906844
906844
906844
906792
907470
906792
906844
907108
906844
906844
906844
906792
907158
907158
906844
906844
906844
907422
907158
906792
906844
907470
906844
906792
906844
906792
906844
907422
906844
906844
906844
907108
907470
907106
906268
906790
906528
907156
907156
906790
906792
906894
906844
907158
906792
906844
906844
906844
907470
906844
906844
907158
906792
907158
906844
906844
906792
907158
907158
906844
906792
907158
907470
906844
906844
906844
907470
906844
906792
906844
906530
907470
906792
906844
906844
907158
907108
906844
906792
906844
906476
907156
906528
906528
906790
907156
907156
907158
906894
906792
907158
907470
906844
906792
907206
906844
906844
907158
906844
906844
906844
906792
907470
906844
906844
906792
907470
907470
906844
906844
906844
906844
907470
907422
906844
906844
906844
906792
907158
907108
906844
906792
907206
906844
907470
906792
906844
906792
906528
906528
906528
906842
907156
907106
906528
907206
907470
907470
906792
906844
906844
906844
907422
907158
906844
906844
906792
907470
907158
906894
906792
906844
907158
907470
906792
906844
906844
907158
907422
907158
907158
906844
906792
907470
907470
906844
906792
906844
906792
907158
906792
