1168934
1168936
1168936
1168936
1169252
1168936
1168622
1168936
1168306
1169252
1168936
1168936
1168306
1169252
1168936
1168936
1168936
1168936
1168936
1168936
1168936
1168936
1168936
1168622
1168936
1168936
1168622
1168936
1168936
1168936
1168934
1168934
1168934
1168934
1168934
1168934
1168934
1169250
1168936
1168936
1168936
1168936
1168936
1168936
1168936
1168622
1169252
1168936
1169252
1168622
1168936
1168936
1168306
1168936
1168936
1168936
1168936
1168936
1168936
1169252
1168936
1168936
1168936
1168306
1168936
1168936
1169566
1168622
1168936
1168306
1168622
1168936
1168622
1168306
1168936
1168936
1168936
1168936
1168936
1169252
1168936
1168934
1169564
1169564
1168934
1169250
1168934
1168934
1168936
1169252
1168936
1169566
1168306
1168306
1168936
1168936
1168936
1168936
1168988
1168622
1168936
1168622
1168936
1168622
1169252
1168936
1168936
1168936
1168936
1168936
1168936
1169252
1168936
1168936
1168936
1168306
1168936
1168622
1168936
1168936
1168936
1168306
1168936
1168622
1168936
1168306
1169252
1168936
1168936
1168306
1168936
1168936
1169250
1169564
1168672
1169564
1168934
1168934
1168934
1168936
1168936
1168936
1168936
1168936
1168936
1168936
1168622
1169252
1168936
1168988
1168936
1168936
1168936
1168936
1169252
1169252
1168936
1168936
1169252
1168936
1168936
1168936
1168936
1168360
1168936
1168936
1168936
1168936
1168306
1168936
1168622
1168360
1168306
1168306
1168936
1168936
1168936
1168936
1169252
1168306
1168936
1168306
1169250
1168934
1168934
1168672
1168934
1168934
1168934
1169564
1168936
1168936
1168988
1168622
1169252
1168936
1168936
1168936
1169566
1168936
1168306
1168936
1169252
1168936
1168936
1168936
1168936
1168936
1168936
1168936
1168936
1168622
1168936
1168674
1168936
1168936
1168936
1168622
1168936
1168622
1168936
1168936
1168360
1169252
1168936
1168306
1168936
1168936
1168988
1168622
1168306
1168622
1168936
1169564
1169300
1168934
1168672
1168934
1169564
1168934
1168936
1168936
1168936
1168988
1168936
1168936
1168936
1168622
1168936
1168988
1168936
1168988
1168936
1168936
1168936
1168936
1168936
1168988
1168988
1168936
1168936
1168936
1168936
1168988
1168936
1168988
1168936
1168936
1169252
1168306
1168936
1168360
1168306
1168936
1168936
1168622
1168622
1168936
1168936
1168988
1168936
1169252
1168936
1168934
1168934
1169300
1168672
1168620
1169564
1169250
1169564
1169566
1168988
1168622
1168988
1168936
1169252
1168936
1168936
1168306
1168988
1168936
1168988
1168936
1168936
1168622
1168936
1168988
1168988
1169252
1168936
1168306
1168936
1169252
1168988
1168988
1168988
1168936
1168936
1168936
1168622
1168622
1168988
1168936
1168306
1169252
1168936
1168936
1168306
1168936
1168988
1168936
1168936
1168936
1168934
1168934
1168672
1168934
1168672
1169564
1169250
1168934
1168936
1168988
1168674
1168988
1168936
1168936
1168622
1169302
1168936
1169614
1168622
1168936
1168936
1168622
1168936
1169302
1168936
1168988
1168936
1168936
1168936
1168936
1168936
1168360
1168936
1168674
1168936
1168936
1168936
1168988
1168988
1168988
1168936
1168936
1168936
1168622
1169252
1168988
1169566
1168936
1168936
1168934
1168934
1168986
1169250
1168986
1168934
1168672
1168934
1169250
1168988
1168988
1168988
1168306
1168988
1168306
1168936
1168306
1168988
1168988
1168988
1168936
1168936
1168936
1168988
1169566
1168988
1168936
1168936
1168936
1168936
1168936
1168988
1168936
1168988
1168936
1168936
1168936
1168936
1168674
1168988
1168936
1168988
1168936
1168936
1168936
1168622
1168988
1168988
1168936
1169252
1168622
1168934
1169250
1168986
1168672
1168672
1168934
1168986
1168934
1169302
1168988
1168936
1168988
1168360
1168988
1168936
1168988
1168936
1168360
1168936
1168674
1168936
1168936
1168936
1168988
1168988
1168988
1169566
1168936
1169252
1168622
1168936
1168360
1168988
1168988
1168936
1168936
1168622
1169302
1168936
1168988
1168306
1168622
1168936
1168936
1168936
1168988
1168936
1168988
1168988
1168936
1168620
1168986
1168672
1169300
1168934
1168672
1168934
1168934
1168620
1168936
1168988
1168988
1168936
1168936
1168988
1169614
1168674
1168306
1168988
1168622
1169614
1168936
1168988
1168988
1168988
1168936
1168988
1169302
1168622
1168936
1168988
1168360
1168988
1168936
1168936
1168936
1168622
1169252
1168988
1168988
1168674
1168622
1168936
1168936
1168988
1168936
1168988
1168936
1168936
1168936
1168620
1168934
1168412
1169564
1168986
1169564
1168934
1168934
1168934
1168988
1168360
1168988
1168936
1168936
1168936
1168988
1168622
1168360
1168988
1168988
1168306
1168936
1168936
1168988
1168988
1168988
1168936
1168936
1168936
1168674
1169302
1168360
1168936
1168988
1168936
1168936
1168622
1169302
1168988
1168988
1168622
1169302
1168622
1168622
1168936
1168988
1168988
1168988
1168936
1168936
1168934
1168672
1168934
1169300
1168986
1169300
1168620
1169250
1168674
1168988
1168988
1168936
1168988
1168936
1168936
1168936
1168988
1168988
1169302
1168936
1168306
1168936
1168988
1168936
1168988
1168988
1168988
1168936
1168936
1168622
1169302
1168936
1168360
1168988
1168674
1168622
1168674
1168988
1168988
1168936
1168674
1169252
1168674
1169252
1168988
1168988
1168360
1168936
1168936
1168936
1168934
1169250
1168672
1168986
1168672
1169564
1169250
1169250
1168360
1168988
1168988
1168988
1168936
1168936
1168936
1168988
1169614
1168674
1168306
1168988
1169252
1168936
1168936
1168988
1168988
1168988
1168936
1168936
1169252
1168674
1168622
1168988
1168988
1168988
1168936
1168936
1168936
1169302
1168936
1168988
1168674
1169252
1168306
1168936
1168988
1168988
1168936
1168988
1168936
1168936
1168620
1168672
1168672
1168986
1169250
1168672
1168934
1169564
1168674
1168360
1168988
1168988
1168360
1168936
1168988
1168936
1168988
1168936
1168988
1168988
1169252
1168936
1168988
1168988
1168988
1168936
1168988
1168936
1168936
1168622
1169302
1168988
1168988
1168306
1169302
1168936
1168988
1168936
1169302
1168988
1168988
1168936
1168936
1168936
1168988
1168936
1169614
1168988
1168936
1168306
1169300
1168986
1168412
1168934
1168672
1168672
1168934
1168934
1168936
1168988
1168988
1168988
1168936
1168988
1168936
1168988
1168936
1168988
1168988
1168988
1168936
1168988
1168674
1169038
1168988
1168988
1169302
1168988
1168936
1168988
1168988
1168988
1168936
1168674
1169252
1168936
1168936
1168674
1168360
1168988
1168936
1168988
1168988
1168674
1168936
1169614
1168988
1168988
1168936
1168988
1168934
1168672
1168934
1168672
1168672
1168672
1168934
1168672
1168988
1168988
1168988
1168936
1168988
1168936
1168988
1168936
1168988
1169614
1168988
1169566
1168674
1168988
1168988
1168988
1168988
1168988
1168988
1168936
1168936
1168674
1169302
1168936
1169302
1168360
1168988
1168936
1168936
1168988
1168988
1168988
1168674
1169566
1168936
1168936
1168988
1168988
1168988
1168936
1168936
1168936
1168672
1168934
1168672
1168672
1169300
1168934
1168986
1168934
1168988
1168988
1168936
1168988
1168936
1168988
1168936
1168988
1168988
1168988
1168622
1168988
1168936
1168988
1169252
1168988
1168988
1168674
1169252
1168988
1168936
1168674
1168936
1168674
1168674
1168988
1168936
1168988
1168622
1169302
1168988
1168988
1168674
1169302
1168306
1168988
1168988
1168988
1168936
1168988
1168936
1169300
1169250
1168986
1168986
1168986
1168934
1169300
1168672
1168934
1168988
1168936
1168988
1168988
1168988
1168936
1168674
1168988
1168988
1168936
1168988
1168936
1168988
1168622
1168988
1168988
1169302
1168936
1168674
1168306
1168988
1168936
1168988
1168988
1168674
1168936
1168988
1168936
1168674
1168360
1168360
1168360
1168988
1168936
1168988
1168936
1168988
1168936
1169614
1168674
1169302
1168622
1168986
1168672
1168986
1168672
1168672
1168934
1168672
1168988
1168936
1168988
1169614
1168674
1168936
1168988
1168988
1168674
1168936
1168988
1168988
1168988
1168936
1168988
1168988
1169614
1169252
1169614
1168936
1168988
1168306
1169302
1168988
1168988
1168936
1168988
1168936
1168988
1168622
1169038
1168988
1168360
1168306
1169302
1168936
1168988
1168936
1168988
1168988
1168988
1168936
1168672
1168934
1168986
1168672
1168986
1168358
1168986
1169250
1169300
1168674
1168360
1168360
1168936
1168988
1168936
1168674
1169252
