1684400
1684402
1684402
1684088
1684180
1683770
1684086
1684086
1683770
1684086
1684400
1683770
1684086
1684400
1684400
1683770
1684402
1683868
1684402
1683772
1684088
1684402
1683772
1684402
1684402
1684088
1684402
1684718
1683772
1683772
1684088
1683772
1683772
1683456
1683772
1683868
1684402
1684402
1684088
1683772
1684402
1684182
1684402
1683456
1684402
1683770
1683770
1684180
1684400
1684400
1684400
1684400
1684400
1684494
1684400
1683552
1684400
1683770
1683770
1683772
1684182
1683772
1683868
1683772
1684088
1683772
1683772
1684496
1683868
1684402
1684402
1684088
1683772
1684088
1683868
1683772
1684402
1683772
1683772
1683772
1683868
1684402
1684496
1684088
1683772
1683772
1684496
1684402
1683456
1684402
1683770
1684400
1684180
1684086
1683552
1684400
1684400
1683770
1684400
1684180
1684180
1684400
1684400
1684086
1684402
1684182
1683772
1683868
1683772
1684402
1683772
1683772
1684496
1683868
1683772
1684402
1684402
1683772
1684402
1684496
1684182
1684088
1684402
1683772
1683772
1683868
1683772
1683868
1684402
1684402
1684088
1683868
1684496
1684496
1684402
1684402
1684400
1684180
1684400
1684180
1683866
1684494
1684400
1683866
1684716
1683552
1684400
1685030
1684400
1683770
1684496
1683772
1684496
1684496
1684182
1683772
1683772
1684496
1683868
1683772
1684088
1684402
1684088
1684402
1683868
1684496
1683868
1684402
1684402
1684182
1684496
1683772
1684400
1684182
1684496
1684496
1684402
1683772
1683772
1684496
1683772
1684496
1684496
1683868
1683772
1684402
1684496
1683868
1683772
1684496
1683772
1684402
1684402
1683868
1683868
1684496
1684088
1683772
1684402
1684182
1683772
1684496
1684182
1684088
1683770
1684180
1684180
1683552
1683866
1684494
1684086
1684180
1684400
1684180
1683552
1683552
1684400
1683770
1683868
1684496
1683868
1683772
1684496
1683772
1683868
1684496
1683868
1683868
1684496
1684402
1684088
1684496
1684496
1683772
1683868
1684402
1683772
1683772
1684182
1683868
1683868
1684402
1684088
1683772
1683868
1684402
1683868
1683868
1684182
1684088
1683552
1684180
1684180
1683770
1684180
1684400
1684400
1683770
1684180
1683866
1683552
1684400
1684180
1683868
1684496
1684496
1683772
1684496
1684402
1683868
1684088
1683868
1684496
1683868
1684402
1684496
1683868
1683868
1684402
1683868
1684496
1684496
1684088
1684182
1684182
1683868
1683772
1684496
1684402
1684182
1684496
1684496
1683868
1684182
1683772
1683866
1684180
1683552
1684400
1683866
1683770
1684180
1683770
1684180
1684180
1683866
1684086
1684180
1684182
1683868
1684182
1684402
1684182
1683868
1684182
1684088
1683868
1684496
1683868
1683772
1684496
1684182
1683964
1683868
1684496
1683868
1683868
1684402
1683868
1684496
1684496
1683772
1683868
1684402
1684182
1684088
1683868
1684496
1684182
1684402
1683866
1684180
1683552
1684400
1684180
1683770
1683552
1684400
1684180
1684180
1683866
1684086
1683552
1684182
1684496
1683868
1684496
1684182
1683868
1683868
1684718
1683868
1684496
1684182
1684402
1684496
1684496
1683964
1684088
1684496
1683868
1683868
1684402
1683868
1683868
1684182
1683772
1684496
1684496
1684182
1683772
1684496
1684496
1684496
1683772
1683866
1684180
1684180
1684180
1684494
1683866
1684180
1684400
1683338
1684180
1683866
1683770
1684180
1683866
1684182
1683868
1684402
1684496
1683868
1684496
1683868
1683868
1684496
1684182
1683772
1684496
1684182
1683964
1684402
1684496
1684496
1683868
1684402
1684182
1683868
1684182
1683772
1683868
1683868
1684182
1683772
1684496
1684496
1684182
1683772
1683866
1684808
1684180
1684400
1684494
1683552
1684180
1684180
1684180
1684180
1683866
1684400
1684180
1684182
1683964
1683868
1684402
1684182
1683868
1684496
1684088
1683868
1683868
1683868
1684088
1684496
1683868
1684276
1684402
1684182
1684182
1684496
1684088
1684276
1684496
1683868
1684402
1684496
1683868
1683868
1684496
1683868
1683868
1684496
1683772
1683552
1684180
1684180
1683770
1684180
1684180
1683552
1684716
1684180
1683552
1684180
1684400
1684180
1683868
1684496
1683868
1683772
1684496
1683868
1683554
1684402
1683868
1684496
1684496
1683772
1683868
1683868
1683868
1684496
1684182
1684182
1683868
1684088
1683964
1684496
1684496
1684088
1683868
1684496
1684588
1684402
1684182
1683868
1684496
1683770
1684180
1683338
1684180
1684086
1684180
1684180
1683866
1683770
1684180
1684180
1684180
1684400
1684180
1684276
1684496
1683868
1684182
1683868
1684496
1684182
1683772
1684496
1684496
1684182
1683772
1684496
1683964
1683868
1684402
1683868
1683868
1684496
1683868
1683964
1684496
1684182
1684088
1684496
1684496
1684588
1684402
1684496
1683868
1684182
1684400
1683962
1684180
1684180
1683552
1684180
1684180
1683866
1684400
1684180
1683866
1684180
1684400
1684402
1684276
1684496
1683868
1684402
1684496
1684182
1684588
1684182
1684496
1683868
1684182
1684402
1683868
1684588
1684496
1683772
1684496
1684496
1683868
1683772
1684496
1683868
1684496
1684402
1683868
1684182
1684588
1683772
1683868
1684810
1683868
1684400
1683962
1683552
1684180
1684400
1683866
1684180
1683338
1683552
1683866
1683866
1683962
1683770
1684088
1683868
1683868
1683868
1684402
1683868
1684496
1684588
1683868
1683868
1684182
1684588
1684496
1684276
1684496
1683868
1683772
1684496
1683868
1683868
1683772
1683868
1683868
1683868
1683772
1683868
1683868
1683964
1684496
1683868
1683868
1683868
1684086
1684180
1684180
1684180
1683770
1684180
1683962
1683962
1684400
1684180
1684180
1684180
1684180
1683868
1683964
1684496
1683868
1683772
1684182
1683868
1684276
1684402
1684496
1684494
1683962
1684400
1684180
1684180
1684180
1683552
1683962
1684180
1683552
1684400
1684180
1684180
1684588
1684496
1684402
1683868
1684496
1684496
1683772
1684496
1684496
1683868
1684402
1684496
1683868
1684588
1683772
1683868
1684496
1684496
1684402
1683868
1684496
1684496
1684402
1684496
1684496
1684276
1684496
1684496
1683868
1684496
1684402
1683866
1684274
1684180
1684400
1683552
1684808
1684180
1684400
1683962
1684180
1684180
1684180
1684180
1683552
1684276
1683964
1683772
1683868
1684182
1684182
1684088
1684182
1684810
1684182
1684402
1684496
1684182
1684588
1684496
1684496
1684496
1684182
1683772
1684588
1683868
1683868
1683772
1683868
1683868
1684182
1683772
1683868
1684496
1684182
1683868
1683866
1684274
1683650
1684400
1684180
1684180
1684180
1684086
1683962
1684180
1683866
1684400
1684180
1684182
1683964
1683868
1684496
1684182
1683868
1684496
1683772
1684276
1684496
1683868
1685032
1684496
1684182
1683964
1683772
1684496
1684496
1684182
1684496
1684276
1684276
1684496
1683772
1684496
1684496
1684182
1684718
1684182
1684496
1684182
1683772
1683866
1683962
1683962
1683866
1684180
1684180
1684180
1684400
1683962
1684180
1683866
1684086
1684180
1684276
1684588
1684496
1684402
1684182
1683868
1684496
1683868
1684276
1684496
1683868
1684402
1684496
1684182
1684588
1684402
1684182
1684182
1683868
1684088
1684276
1683868
1684496
1684496
1684496
1684496
1684588
1684088
1684496
1683868
1683868
1683772
1684274
1683650
1684180
1683552
1683552
1683866
1684180
1683552
1683650
1684180
1683552
1684086
1684180
1683964
1684588
1684496
1683772
1684182
1684182
1683868
1684088
1683964
1684496
1683868
1683868
1684182
1683868
1683964
1684496
1683868
1684182
1684588
1683772
1684276
1684496
1683868
1683772
1684496
1683868
1683868
1684276
1683868
1684182
1684496
1684402
1683962
1683962
1684180
1683770
1684180
1683866
1683552
1684400
1683650
1684180
1684180
1684180
1683552
1684276
1684496
1684588
1683772
1684496
1684496
1683554
1684402
1684496
1684496
1684496
1684402
1684276
1684588
1684588
1683868
1684182
1684182
1683554
1683456
1683964
1684182
1684496
1683772
1684496
1684496
1684276
1683868
1683868
1683868
1684496
1684180
1683962
1683650
1683338
1684086
1684180
1683338
1683866
1684086
1683338
1684180
1683552
1684400
1684180
1684276
1683868
1683868
1683868
1684496
1684182
1683964
1683868
1684588
1683868
1684182
1684402
1683868
1684588
1683868
1684496
1683868
1684496
1683868
1683868
1683868
1683964
1683868
1684402
1683868
1683554
1684276
1683772
1684496
1684496
1684496
1683772
1683962
1683552
1683338
1683866
1684180
1683552
1683962
1683866
1684180
