641498
641498
642192
642128
641564
642192
641878
642128
641564
641878
642128
641498
641498
642192
641878
641498
642128
642128
642192
642128
642128
642128
642128
641498
642192
642192
641878
641810
641810
642126
642190
641810
641876
641876
642440
642126
642128
641878
642192
642192
641812
642192
641812
642192
642192
642192
642128
642128
642128
642254
642192
642192
641812
642192
642128
641878
641812
642192
642192
642192
641812
642192
642128
641564
642128
642192
642128
641498
642128
642504
642818
642192
642126
641876
641810
641876
641562
641876
641248
641876
642126
641876
642254
642192
642192
642128
642192
642192
641564
642128
642192
641878
641878
642128
642192
641878
642192
642128
642504
641498
641878
642128
641630
642192
642192
641812
642192
642192
641878
642192
642192
642192
641564
641498
642192
641564
641564
642128
641876
641876
641876
642440
641316
641876
641876
642126
641876
642192
642192
642192
641498
642192
642192
641564
641812
642192
642192
641564
642128
642192
641564
641630
642192
641878
642192
641564
642128
641942
641564
642192
642128
641564
642192
642192
641812
642192
642192
641878
642192
642192
642504
641564
642128
641876
641562
641876
642126
641316
641876
641876
641810
641562
641876
642254
642254
641564
642192
642192
641878
641498
642192
642192
641878
642128
642192
641878
641942
642128
642192
641564
642192
642128
641564
641878
642192
642128
641878
642128
642192
641812
642192
642192
641878
641498
642192
642192
641630
642192
642192
641562
641562
642126
641940
641876
641876
642126
642190
641876
642192
642126
641564
642192
641878
641564
642192
642254
641878
641564
642128
642192
642192
642254
641812
642504
642192
641878
641498
642192
642192
642192
641564
642192
642192
641564
641812
641878
642192
642192
641812
642192
642192
642254
642128
642192
641876
641876
641810
641562
641876
641876
641248
641876
641876
642192
641630
642128
642192
642192
642192
642128
642254
641564
641564
642192
641564
642192
642192
642128
642192
642192
642192
641498
642192
642566
641564
641498
642192
641878
641878
642192
642254
641564
642192
642128
642192
642192
642254
641812
641564
641876
641876
641496
641562
641628
641876
641876
641562
641876
641248
642254
642192
641878
642192
642192
641812
642254
642192
641878
641498
641878
642192
641564
642192
642192
642192
642192
642128
642192
642192
641878
642126
641876
642254
642192
641564
642128
642254
641878
641942
641878
641878
641564
641878
642128
641630
642254
642192
642128
642504
642192
642192
642128
641878
641564
642192
641878
641630
641564
642254
642192
641564
642192
642192
641812
642566
641878
641564
642126
641876
641876
641628
641876
641628
641562
641876
642126
642190
642254
642192
642192
641498
642192
642192
641630
642192
642192
641878
642192
642192
642254
641942
642192
642128
642192
642192
642192
641498
642192
642192
641564
642128
642192
641564
642254
642192
641878
641564
642192
642128
642254
641630
642192
641498
641876
641876
641316
641876
641876
641562
641876
641248
641876
642254
642192
642192
641498
642192
642192
641942
642128
642254
641878
641878
642128
641630
642254
642192
642192
642192
642192
641564
642128
641878
642504
642192
641812
641564
642254
642254
641564
642192
642192
641564
642192
642254
641564
641564
642254
642192
642192
642192
642192
641498
642254
642254
642192
642192
642192
641564
641564
641878
641630
642192
642192
641498
641564
642192
641942
642128
642192
641810
641876
642126
641940
641876
641876
641876
641562
641876
642566
642192
642192
642192
642192
642192
642128
641942
642192
641878
641498
642254
642192
641630
642192
642192
641564
642192
642128
641630
642254
642192
641812
641564
642192
642192
642128
641878
641564
642192
641878
641564
641564
642254
641564
642192
641562
641628
641810
641316
641628
641876
642126
641876
641562
642254
641942
642128
642192
641878
641630
641498
642254
642192
642192
642128
641564
641878
642254
642192
642254
642192
641564
642192
642254
641942
641630
642128
642192
642192
642192
642128
641564
642192
641878
642128
642192
641630
642254
641564
641878
641876
641876
642126
641316
641876
641876
642126
641628
641876
642566
642254
642192
642192
642192
642254
642192
641630
641812
641878
642128
642254
642192
642192
642192
642254
641878
642254
641498
641630
642192
641564
641564
642192
642192
641630
642192
642192
642192
641878
642128
642254
641630
642192
641498
641564
641876
641004
641248
641628
641562
641876
642126
641876
641876
642192
642254
642128
642192
642192
641942
642192
641630
642192
641564
641564
641942
642192
641630
642192
642192
641878
642254
641498
642254
641564
642192
642128
641564
642192
642254
641878
642192
642192
641878
642128
642192
642192
642192
641812
641876
641876
641628
642126
641628
641876
641876
641876
641876
642254
642192
641630
642192
641564
642192
642254
642442
642254
642192
642192
642128
642254
642254
642254
642192
642192
642254
642192
642128
642192
642192
642192
641812
642192
642192
642254
642192
641878
642192
642254
641878
642254
642192
642192
642192
641876
641628
641628
642126
641628
641562
642190
642126
641876
641630
642192
641564
641878
642254
641878
642254
641812
642254
642192
641878
642128
642254
642254
642254
641564
641564
642192
642254
641564
641878
641564
641878
641812
642254
642192
642254
641498
642192
642192
641564
642128
641630
641564
641564
642192
641876
641248
641004
641562
641628
641628
641876
641810
641628
642254
642192
641564
641564
642254
641564
641630
641878
641942
642192
641878
642128
641564
641630
642254
641498
641878
642192
641564
642128
642192
642192
642254
641878
642192
642192
642254
642192
642254
641878
642192
642128
641630
642192
642254
642192
641876
641876
641628
641316
641628
641876
642190
642126
641876
642254
642192
641878
642128
642254
642192
642254
641564
642254
642192
641878
642192
642254
642254
642254
641564
642192
642192
642254
641812
642192
642192
642254
642128
642254
642192
641942
642192
642254
641564
641878
642128
642254
642192
642254
642128
641876
641876
641628
641562
641628
641876
641628
641876
641876
641628
642192
642254
642192
641878
642192
641942
641498
642254
642192
641564
642128
642254
642566
641564
642192
642254
641564
642192
641812
641630
641564
642254
642128
642192
642192
642254
642192
642254
642192
641564
642192
642254
642192
642192
642192
641876
641876
641628
642126
641628
641876
641876
642126
641876
642254
641564
641630
642192
641564
642192
642254
642192
641942
642192
641878
642128
642254
642254
642254
642192
642192
641878
641564
641942
642254
642192
642192
641564
642192
642192
641942
642128
642192
642192
641564
642128
642254
641630
642192
641878
641876
641876
641628
641876
641628
641876
642440
642126
641628
641876
642254
642254
642128
641564
642192
642254
641630
642254
642192
642192
641498
642254
642566
641630
642128
642192
641564
642192
642128
641630
642192
642192
641878
642192
642192
642254
641564
642192
642192
641564
642128
642192
641630
642254
642128
641876
641876
641628
641628
641628
641876
641876
642126
641628
642566
641630
642192
641498
641878
642192
642254
641878
641630
642192
642504
641564
642254
642254
641630
642192
642192
