1815472
1815472
1815472
1815472
1815472
1815472
1814844
1815160
1815474
1814844
1814844
1814844
1815474
1815474
1815474
1815472
1815472
1815158
1815472
1816102
1815472
1815788
1815472
1815472
1815472
1815472
1815474
1815160
1815160
1815474
1815790
1815474
1815474
1815474
1815474
1815474
1815474
1814844
1815160
1814844
1815160
1815160
1815474
1814844
1815474
1815160
1815790
1814844
1815474
1815474
1815474
1815160
1815474
1815474
1814844
1815474
1814844
1815474
1815160
1814844
1815158
1815472
1815472
1814842
1815472
1815158
1815472
1815472
1815472
1815472
1815472
1815472
1815472
1815158
1815472
1815568
1815474
1814844
1815790
1814844
1815160
1815474
1815474
1815474
1814844
1815474
1815790
1815474
1814844
1814844
1815474
1815568
1815160
1815474
1814844
1815474
1814844
1815474
1815160
1815474
1814844
1815474
1815474
1815160
1815474
1814844
1815160
1814842
1815472
1815788
1814842
1815252
1814842
1815472
1815472
1815158
1815472
1815472
1814842
1816102
1815472
1815474
1814844
1815790
1815474
1815474
1815474
1815474
1814844
1815474
1814940
1815474
1815474
1815474
1815474
1814844
1815790
1815160
1814940
1815474
1814844
1815160
1815160
1815474
1815568
1815474
1815474
1815160
1815474
1815474
1815474
1815474
1814844
1815474
1815474
1815788
1815252
1815472
1815252
1815472
1815472
1815472
1815472
1815788
1815252
1815472
1815472
1815472
1815472
1815474
1815474
1815568
1814844
1815160
1815474
1815474
1815474
1815882
1814844
1815568
1815474
1815474
1815474
1815160
1815474
1815474
1814844
1815474
1815474
1815790
1815160
1814940
1815474
1815160
1814844
1815474
1815474
1815568
1814844
1814844
1815474
1815474
1814844
1815472
1815472
1815252
1815252
1815252
1815472
1815472
1815158
1815566
1815472
1814938
1815472
1814842
1815472
1814844
1814940
1815474
1815568
1814844
1815474
1815160
1815568
1814844
1815568
1814844
1815474
1816104
1815474
1815474
1815568
1815474
1815568
1814844
1815474
1814844
1815568
1814940
1814940
1814844
1815474
1815474
1815568
1814844
1814940
1815474
1815474
1815790
1815252
1815252
1815252
1815158
1815472
1815158
1815472
1815472
1815880
1815472
1814938
1814842
1815566
1815472
1815790
1815568
1815474
1815568
1815474
1815474
1815474
1815254
1815254
1815568
1815160
1815568
1815474
1815160
1814844
1815568
1815568
1814844
1815790
1815474
1815160
1815568
1814844
1814940
1814844
1815474
1815474
1815474
1814940
1814940
1814844
1815474
1815474
1815472
1815472
1815252
1815252
1814938
1815472
1815472
1816102
1815252
1815472
1815252
1815788
1815472
1814842
1815472
1815568
1815568
1815568
1815160
1814844
1815474
1815160
1815160
1815568
1815568
1815474
1815474
1815790
1814844
1815568
1816104
1815568
1816104
1814844
1815474
1815568
1815568
1814940
1814844
1814844
1815474
1815474
1814844
1814940
1815568
1814940
1815474
1815474
1815158
1815566
1814842
1815252
1814624
1815472
1815472
1815472
1815252
1815252
1815472
1815252
1815788
1815472
1815568
1815474
1815568
1815568
1815160
1814844
1815474
1815568
1815568
1814844
1815568
1815474
1815474
1815474
1815254
1815568
1815568
1815160
1815474
1814844
1815474
1815160
1815568
1815568
1815474
1815474
1815474
1815160
1815254
1815474
1814940
1815474
1815568
1815472
1815252
1815252
1815252
1815472
1815252
1815252
1815472
1815472
1815252
1815252
1814624
1815472
1815472
1815254
1815568
1815568
1814844
1815568
1814844
1815474
1815160
1814940
1814940
1815568
1815474
1815160
1814844
1815254
1814844
1815568
1815568
1815474
1815474
1815474
1815882
1814940
1814844
1815568
1815474
1815474
1815160
1815254
1815568
1814940
1815160
1814844
1814842
1814624
1815472
1815252
1815880
1815252
1815472
1815472
1815472
1815252
1814842
1815252
1815472
1815472
1815472
1815254
1815568
1815568
1815254
1816104
1814844
1814844
1815568
1815474
1815568
1815568
1814844
1815160
1815254
1815568
1814940
1814844
1815568
1815474
1815474
1814844
1814940
1815568
1815568
1815790
1814844
1815474
1815568
1815474
1814940
1814940
1814844
1815474
1815252
1815472
1815252
1815472
1814624
1815472
1815252
1815158
1815566
1815252
1815252
1815472
1815472
1815472
1814844
1815568
1815568
1815568
1814844
1815568
1814844
1815254
1815568
1814940
1814844
1815474
1815474
1815474
1815474
1814940
1815568
1815568
1815474
1815474
1814844
1815568
1815160
1815568
1814844
1815160
1815474
1815254
1815568
1815568
1815160
1815568
1815474
1815472
1815472
1815566
1814938
1815252
1815158
1815252
1815472
1815252
1814842
1815252
1815252
1815252
1815472
1815252
1815568
1815568
1815568
1815568
1815160
1815474
1815568
1815474
1815882
1814940
1814940
1815474
1815568
1815160
1814940
1815474
1815568
1815474
1815568
1814844
1814940
1814940
1815568
1815474
1815474
1815474
1815568
1815474
1815568
1814940
1815568
1815474
1815568
1814938
1815566
1814624
1815252
1815252
1815252
1815472
1815252
1815252
1815566
1815472
1815566
1815472
1815566
1815882
1815474
1814940
1815568
1815568
1815474
1815882
1815882
1814940
1815474
1815568
1815474
1815568
1815160
1815568
1815568
1815568
1815160
1814940
1815160
1814626
1815568
1815568
1814940
1815568
1815474
1814844
1815568
1815568
1815160
1815568
1815474
1815254
1815472
1814624
1815252
1815252
1814938
1815880
1815472
1815252
1815788
1815252
1815880
1814624
1815472
1815252
1815254
1815882
1815568
1815474
1815568
1815568
1814940
1815568
1815568
1815568
1815568
1815474
1815474
1815568
1815882
1815474
1814940
1815568
1815568
1815474
1815254
1815254
1814940
1815568
1815254
1815474
1814940
1815474
1815568
1815568
1814940
1814844
1815474
1815252
1815252
1815788
1814624
1815252
1815252
1815472
1815252
1814938
1815252
1814842
1815252
1815788
1815252
1815568
1815474
1815568
1814940
1815568
1814844
1815568
1815254
1815882
1814940
1814940
1815474
1815568
1815790
1815568
1815568
1815568
1815474
1814940
1815474
1815254
1815790
1814940
1814940
1815568
1815474
1815254
1814844
1815254
1815474
1815568
1815160
1814940
1815474
1815252
1815252
1815252
1815472
1814624
1815472
1814938
1815472
1814624
1815252
1815252
1815472
1815880
1815158
1815568
1815568
1815474
1815254
1814844
1815254
1815160
1815254
1814940
1814940
1815474
1815568
1815790
1815254
1815474
1815568
1815568
1815568
1815474
1814940
1815568
1815568
1814844
1815254
1814844
1815568
1815474
1814940
1815568
1815568
1815474
1815160
1814844
1814722
1815472
1815252
1815566
1815566
1815472
1815252
1815566
1815034
1814624
1815252
1815472
1815252
1815254
1815566
1814940
1814940
1815568
1815160
1815254
1815568
1815568
1815474
1815254
1814940
1815568
1815474
1815254
1815568
1815568
1815474
1815568
1815568
1815568
1814844
1814940
1815568
1815568
1815160
1814940
1814844
1815254
1815568
1815568
1814940
1815474
1815472
1815252
1815252
1815880
1815472
1815252
1815252
1815252
1815788
1815252
1815252
1814938
1816102
1815252
1815568
1815568
1815882
1815474
1814940
1814940
1815568
1815160
1815568
1815568
1815568
1815474
1815568
1815160
1814940
1815254
1815568
1815568
1815568
1815474
1815568
1815568
1815568
1815474
1814940
1814940
1815568
1815474
1815254
1814940
1815568
1815568
1815568
1814844
1815252
1814842
1815252
1815252
1814938
1815158
1815252
1815472
1815252
1815472
1815252
1815566
1815252
1815472
1815568
1814940
1815568
1815568
1815160
1815254
1814844
1815660
1814844
1815568
1814940
1814940
1815474
1815254
1815568
1815254
1814940
1815568
1815474
1815568
1815474
1815568
1815568
1815568
1815790
1814940
1814844
1815568
1815474
1814940
1814940
1814940
1815474
1814938
1815880
1814722
1815472
1815252
1815252
1815252
1815472
1815252
1815566
1815252
1815158
1815252
1815252
1815254
1815568
1815568
1814940
1814940
1815568
1815474
1814940
1815568
1815568
1815474
1814940
1815160
1814940
1815474
1814940
1814940
1815568
1815474
1815568
1815882
1814940
1815474
1815568
1815254
1815568
1814844
1815882
1815568
1814940
1815474
1815568
1815474
1814938
1815252
1815252
1814624
1815252
1815472
1815252
1815252
1815252
1815472
1815566
1815252
1815252
1816102
1816104
1815660
1814940
1815568
1815474
1815568
1814940
1815254
1815474
1815568
1814940
1815568
1815474
1815254
1815882
1814940
1815474
1815254
1815160
1814940
1814844
1815254
1815568
1815568
1815474
1815568
1815474
