1295912
1296228
1295912
1296226
1296226
1296226
1296226
1296228
1296228
1296228
1296228
1296228
1296228
1296542
1296228
1296228
1296228
1296228
1296228
1296228
1296228
1296228
1295598
1296228
1296228
1295912
1296228
1295598
1296228
1296228
1296228
1296542
1295598
1296228
1296228
1295912
1295912
1295598
1296228
1295912
1295910
1296856
1296226
1296226
1296540
1296540
1296226
1296540
1296226
1296856
1296540
1296228
1296228
1296228
1296228
1296228
1296228
1296228
1296542
1296228
1296228
1296228
1296542
1296228
1296228
1296228
1296228
1295912
1295912
1296228
1296228
1296228
1296228
1295598
1296228
1296228
1296228
1295912
1296228
1296228
1296228
1296228
1296228
1296228
1296228
1296228
1295598
1295910
1296226
1296226
1296540
1296540
1295982
1296226
1296226
1296540
1296226
1296228
1296228
1295912
1295598
1296542
1296228
1296228
1295912
1296228
1296228
1295912
1296228
1295912
1296228
1296296
1296228
1296542
1296542
1296228
1296228
1295598
1295598
1296228
1296228
1295912
1295912
1296228
1296228
1296228
1295598
1296228
1296228
1296228
1296228
1295912
1296228
1296226
1296226
1296540
1296226
1296226
1296226
1296608
1296226
1296226
1296226
1296226
1295912
1296228
1296296
1295912
1295912
1296542
1296228
1296228
1295598
1296228
1296228
1296228
1296228
1296228
1296228
1296228
1296858
1296228
1296228
1296228
1296228
1295984
1296228
1296228
1296228
1295598
1295598
1296228
1296296
1296228
1295912
1295598
1296228
1296228
1296228
1295598
1296226
1296856
1296226
1296226
1296226
1296226
1295982
1296540
1296540
1296226
1296228
1296924
1296542
1296228
1296228
1296228
1296228
1295598
1295912
1296296
1295912
1296228
1296228
1296228
1295912
1296296
1296228
1295912
1295912
1296228
1296228
1296296
1295912
1296228
1296228
1296228
1295598
1295912
1296228
1295984
1296228
1296228
1296228
1296228
1296228
1296296
1295982
1296226
1296856
1296226
1296226
1295982
1296226
1296294
1296226
1296226
1296226
1296228
1296296
1296296
1295912
1296858
1296228
1296228
1296296
1296228
1296228
1295598
1296228
1296228
1295912
1296228
1296296
1296228
1295912
1295912
1296228
1295912
1296296
1295670
1296228
1296228
1295598
1296228
1295984
1296228
1296228
1295598
1296228
1296228
1296228
1295598
1296296
1296226
1296226
1296226
1296226
1296540
1295982
1295982
1296294
1296226
1296226
1296228
1296296
1296296
1296228
1296228
1296228
1295598
1295598
1296296
1296296
1296610
1295912
1296228
1296228
1296296
1295598
1296296
1295912
1296228
1295598
1296228
1296228
1296296
1296228
1296228
1296228
1296228
1296228
1296296
1296296
1296296
1296542
1296228
1296228
1295984
1296228
1295670
1295910
1296226
1296226
1296226
1295982
1295982
1296226
1296226
1296226
1296226
1296610
1296228
1296296
1296228
1296228
1296228
1295598
1296296
1296296
1296228
1295598
1295598
1296228
1296228
1296296
1295984
1296296
1296228
1296228
1295598
1296296
1296228
1296296
1295984
1296228
1296228
1296296
1296228
1295984
1296228
1295984
1295912
1296228
1296228
1296296
1295984
1295982
1296226
1296226
1296540
1296294
1296856
1295982
1295668
1296540
1295910
1296296
1296296
1296296
1296296
1296228
1296228
1296228
1296228
1296228
1296296
1295984
1296542
1296228
1296228
1296296
1296296
1296228
1296296
1296228
1296228
1295598
1296296
1296296
1296296
1295598
1296228
1296228
1296228
1296228
1295670
1296228
1296228
1296228
1296296
1296228
1296296
1296226
1296294
1296226
1296226
1296226
1296294
1295982
1295982
1296226
1296226
1296226
1295598
1296296
1296228
1296296
1296228
1296296
1296228
1296296
1296296
1296296
1296228
1296228
1296228
1296542
1295912
1296296
1296296
1295984
1295598
1296228
1296296
1296296
1295912
1295984
1296228
1296228
1295912
1296296
1296296
1296296
1295912
1295912
1296228
1296228
1296542
1296296
1295982
1295982
1296226
1296226
1295982
1295982
1296226
1295668
1296540
1296226
1296296
1296228
1296296
1296296
1295984
1295912
1296228
1296228
1295984
1295912
1296296
1296542
1296228
1296228
1295598
1296296
1296296
1296542
1295984
1296228
1296296
1295912
1295670
1296296
1295984
1296228
1295984
1296228
1296296
1296228
1295984
1295670
1296228
1296228
1296296
1296296
1296296
1296226
1296608
1296540
1296226
1296226
1296608
1295354
1295982
1296226
1295982
1296540
1295984
1296296
1296228
1296542
1295912
1295984
1296228
1296296
1295984
1296296
1296228
1296228
1296542
1296296
1296228
1296296
1296228
1296228
1296228
1296228
1296296
1295984
1296228
1296228
1296228
1295670
1296228
1296296
1296296
1295984
1295598
1296228
1296296
1296296
1296228
1295982
1295982
1295982
1296226
1296294
1295668
1295982
1296226
1295982
1296540
1295982
1296610
1296228
1296296
1296296
1295984
1296228
1296228
1295984
1295670
1296228
1295984
1295912
1296228
1296228
1296296
1295984
1296296
1296228
1296296
1296228
1296296
1296228
1296296
1296296
1295984
1296228
1296228
1296610
1296296
1295598
1296296
1296228
1296228
1296228
1295670
1296296
1296296
1296226
1296294
1295596
1296226
1295982
1295982
1296294
1296294
1296226
1295982
1296296
1295984
1296296
1296228
1296228
1296228
1296296
1296228
1296296
1296296
1295984
1295598
1295598
1296228
1296366
1296858
1296296
1296228
1296228
1296228
1295984
1296296
1296296
1296228
1295912
1296228
1296296
1296228
1296296
1296296
1296296
1296228
1296228
1296228
1296296
1296228
1295982
1295982
1296294
1296226
1295982
1295982
1296608
1296226
1295982
1296226
1296608
1296366
1296228
1296296
1296542
1296610
1296228
1296296
1296296
1295984
1295598
1296296
1296228
1295670
1295598
1296296
1296296
1295984
1296228
1296228
1296228
1296296
1296228
1296296
1296296
1296296
1295912
1295912
1296296
1296610
1296296
1296228
1296228
1296296
1295598
1296296
1296296
1295982
1296540
1295668
1296226
1295982
1296226
1296294
1295982
1296226
1296226
1296228
1296296
1296296
1296296
1296228
1295984
1296228
1295984
1296228
1296296
1296296
1296296
1296228
1295984
1296296
1296296
1295912
1296296
1296228
1296228
1296228
1296296
1295984
1296296
1296228
1296228
1296228
1296296
1296858
1296296
1295912
1296296
1295598
1296296
1296296
1295984
1296226
1295982
1296226
1296540
1295596
1295740
1295982
1295668
1296226
1295982
1296296
1296610
1295984
1295670
1296296
1296228
1295984
1295912
1296296
1296296
1296610
1296228
1296228
1296228
1296296
1295598
1296296
1296296
1296296
1295598
1296296
1296296
1296296
1295598
1295670
1296228
1296296
1295912
1296296
1296296
1296296
1296858
1296228
1296296
1295984
1296296
1295984
1295982
1296226
1296226
1296294
1295982
1295982
1296226
1296294
1296226
1295596
1296296
1296228
1296296
1296296
1296296
1296228
1296296
1296296
1296296
1296228
1296296
1295598
1296296
1296228
1296296
1296296
1296296
1295598
1296296
1296228
1296296
1295984
1296296
1296296
1295984
1295598
1296296
1296296
1296296
1295598
1296296
1295984
1296924
1296228
1296366
1296296
1295982
1295668
1296608
1296226
1295982
1296540
1295982
1295982
1295982
1296226
1295982
1296296
1296296
1296296
1295912
1296296
1296228
1295984
1296296
1296296
1296296
1295670
1296228
1296610
1296296
1296296
1296228
1296296
1296296
1296296
1296228
1296296
1296296
1296296
1295912
1296296
1296228
1296296
1296228
1295670
1296296
1295984
1296228
1296296
1296296
1296296
1295912
1296608
1295982
1295982
1296226
1296052
1296294
1295668
1296226
1296608
1295910
1296296
1296366
1296228
1296296
1296296
1296296
1296228
1296296
1295670
1296296
1296228
1296296
1295984
1295670
1296228
1296296
1295984
1296296
1296228
1296228
1296228
1296296
1296228
1296296
1295984
1295670
1295912
1296296
1296296
1296296
1296228
1296296
1296228
1296296
1295912
1296296
1296296
1295982
1296540
1295982
1295596
1296294
1295982
1296608
1295982
1295982
1296226
1296228
1295984
1295670
1296296
1296228
1296924
1296296
1296296
1296228
1296296
1295670
1296296
1296228
1296296
1295984
1296296
1296228
1295984
1296228
1296296
1296228
1296296
1296924
1296296
1296228
1296296
1296296
1295670
1296296
1296296
1296296
1295984
1295598
1296296
1296296
1296296
1295598
1295982
1295982
1295982
1296540
1295982
1295982
1295982
1296226
1296294
1296226
1296296
1296296
1296228
1296296
1296228
1296296
1296228
1295984
1295984
1296296
1295912
1295984
1295912
1296296
1296228
1296296
1295670
