511056
511056
511056
511056
511056
511056
511056
511056
511056
511056
511056
511056
511056
511056
511056
511056
511056
511056
511056
511056
511056
511056
511056
511056
511054
511054
511368
511368
511054
511054
511368
511054
511054
511370
511056
511056
511056
510740
511056
511056
511056
511056
511056
511370
511056
511056
511370
511056
511056
511056
511056
511056
511056
510740
511056
511056
511370
511056
511056
511370
511056
511056
511056
510740
511056
511056
511056
511056
511056
511368
511684
511054
511368
511054
511430
511054
511054
511684
511056
511056
511120
510740
511056
511056
511056
511056
511056
511056
511370
511056
511056
511056
511056
511120
511370
511370
511056
511056
511370
511120
511056
511056
510740
511056
511056
511056
511056
511056
511370
511056
511056
511370
511120
511056
511054
511368
511054
511054
511054
511118
511368
511054
511054
511684
511120
511120
511120
511370
511056
511056
510740
511056
511120
510740
511056
511056
511056
511056
511120
511056
511370
511056
511056
511056
511120
511120
511056
511056
511056
511056
511432
511056
511120
511056
511056
511056
511056
511120
511120
511056
510804
511054
511054
511368
511430
510804
510804
511368
511054
511120
510806
511746
511056
510740
511056
511056
511056
511120
511056
511056
511056
510740
511120
511120
511056
511120
510740
511056
511056
511120
511120
511120
511056
511056
511056
511056
511056
511120
511056
510740
511056
511056
511056
511120
511056
511054
511054
511368
511368
510804
511430
510804
511054
511430
511120
511120
511120
511056
511056
511684
511120
511056
511120
511432
511056
511056
511056
511120
511120
511056
511120
510740
511056
511056
511120
511120
511120
511056
511056
511056
511120
511056
511432
511056
510740
511056
511056
511120
511120
511056
510804
511054
511684
511054
510804
511430
511118
511054
511368
510492
511120
511120
511056
511056
511056
511056
511056
511120
511120
511120
511056
511056
511746
511120
511056
510806
511056
511056
511056
511120
511120
511120
511056
511056
511056
511432
511056
511120
510806
511056
511056
511056
511120
511120
511056
511430
511054
511054
511368
510804
510804
511430
511054
511054
511120
511120
511120
511056
511120
511056
511120
511370
511120
511120
511120
511056
511056
511056
511746
511056
511120
511686
511056
511056
511432
511120
511120
511056
511056
511056
511120
511056
511120
511120
511432
511056
511056
511432
511120
511056
510804
511684
511054
511054
511120
511430
510804
511054
511684
511120
511120
511120
511056
511120
511056
511432
511056
510806
511432
511120
510740
510740
511120
511120
511056
511120
511056
511056
511056
511432
510806
511120
511056
510740
511056
511120
511120
511120
511120
511120
510740
511056
511432
511120
511056
510804
511054
511118
511054
510804
511430
510804
511368
511430
511120
511120
511120
510740
511120
511056
511056
511056
511120
511120
511120
511056
511056
511120
511182
511120
511120
511056
511056
511056
511120
511120
511120
511056
511120
511056
511120
511056
511120
511120
511120
511056
511056
511120
511120
511056
511432
510804
510804
511368
511118
510804
510804
511684
510804
511054
511432
511120
511120
511432
511120
511120
511056
511120
511120
511120
511056
511120
511120
511120
511056
511120
511120
511120
511056
511120
511120
511120
511056
511056
511056
511120
511056
511120
511432
511056
511056
511120
511120
511120
511120
511120
511054
510804
511054
510804
510804
511430
511054
510804
511430
511120
511120
511056
511120
511056
511120
511120
511120
511120
510492
511056
511120
511746
511120
511056
511120
511120
511120
511056
511120
511120
511120
510806
511120
511056
510806
511056
511120
511120
511120
511056
511432
511120
511120
511056
511120
510804
510804
511684
510804
510804
511430
511054
510804
511430
511120
511120
511056
511120
511120
511120
511056
511120
511120
511120
511056
511120
511120
511120
511056
511120
511120
511120
511056
511120
510806
511432
511056
510806
511056
511120
511120
510806
511120
511120
511056
511120
511432
510806
511056
510804
511118
510804
511054
510556
511118
510804
511054
511430
511120
511120
511120
511056
511120
511056
511120
511056
510806
511120
511120
510740
511120
511120
511120
511120
511120
511432
511120
511056
510806
511120
511120
511056
511120
511120
511120
511056
511120
511120
511120
511056
511120
511120
511120
511056
511430
510804
510804
511684
510804
510804
511430
511054
511118
511120
511120
511120
511120
511120
510806
511120
511056
510806
511056
511120
511056
511120
511120
510804
511368
510804
511118
511118
510804
510804
510804
510804
511432
510740
511120
511120
510806
511056
511120
511120
511120
511056
511120
511120
511120
511432
511120
511120
511120
511056
511120
511120
511120
511056
511120
511120
511120
511056
511120
511120
511120
511056
511120
511120
511120
511056
511746
511120
510804
511054
510804
510804
511118
511054
511118
511430
511120
511182
511120
511120
511120
511120
511056
511494
510806
511120
511056
510806
511120
511120
511056
511120
511120
511432
511056
511120
511432
511120
511056
511432
511056
511120
511370
511120
511120
511120
511056
511120
510492
511120
511120
511120
510804
510804
511368
510556
510804
511430
511054
510804
511430
511120
511120
511056
511120
510806
511120
511056
511182
511120
511120
511056
511120
511120
511494
511056
511120
511120
511120
511056
511120
511120
511120
511120
511120
511120
511120
511056
511120
511120
511120
511056
511120
511120
511120
511056
511120
510804
510804
511430
510556
510804
511430
511054
510804
511430
511120
511120
511056
511120
511120
511120
511056
511120
511120
511120
510740
511746
511120
511182
511056
511120
511120
511120
511056
511432
511120
511120
511056
510806
511120
511120
511432
511120
511120
511432
511056
511120
511120
511120
511056
511430
510804
510804
511684
510804
510804
511118
511054
511118
510806
511120
511120
511370
511120
511120
511120
511056
511120
511120
511120
511056
511120
511432
511432
511120
511120
510806
511120
511056
511120
511120
511120
511056
511120
510806
511120
511056
511120
511120
511120
511056
511432
510806
511120
511054
510804
510804
510804
510738
511430
510804
511118
511054
511056
511182
511120
511120
511370
511120
511120
511494
511056
511120
511120
511120
511056
511120
511120
511120
511056
510806
511120
511120
511120
511120
511120
511432
511056
511120
511746
511120
511056
511120
511120
511120
511056
511120
511120
511120
511054
511118
510804
510556
511054
510804
511118
511430
511054
511056
511120
511120
511120
511056
511120
511432
510492
511120
511120
510806
511120
511056
511120
511120
511120
511370
511120
511120
511182
511056
511120
511120
511120
510740
511120
510806
511120
511056
510806
511432
511120
511056
511120
511120
510804
511684
510804
510868
511430
510804
510804
511118
510804
511494
510426
511120
511120
511432
511056
511120
511120
511120
511056
511120
511120
511120
511432
511120
511120
511120
511056
511120
511120
511120
511056
511120
511120
511120
511056
511182
511120
511120
511056
511120
511120
511432
510740
511120
510804
510804
511368
510804
510490
511430
511054
510804
510804
511120
511182
511120
