770680
770680
770680
770992
770680
770680
770680
770680
770680
770680
770048
770680
770680
770680
770680
770680
770754
770680
770680
770048
770994
770678
770678
770678
770678
771308
770438
770678
770678
770680
770680
770680
770680
770364
770680
770680
770680
770754
770680
770680
770680
770680
770678
771308
770678
770678
771308
770438
771308
770752
770678
770678
770992
770992
770754
770680
770754
770680
770680
770364
770754
770680
770754
770364
770048
770680
770680
770680
770754
770680
770678
770678
770438
770678
770752
770678
770678
770362
770994
770128
770680
770754
770680
770680
770048
770754
770680
770754
771310
770680
770680
770680
770754
770754
770680
770680
770680
770048
770680
770128
770754
770754
770680
770680
770680
770754
770680
770440
770680
770680
770680
770680
770754
770126
770678
771308
770678
770678
771308
770438
770438
770438
770678
770678
770754
770754
770754
770680
770754
770680
771310
770364
770754
770754
770754
770994
770680
770680
770754
770680
770754
770680
770048
770680
770754
770754
770754
770680
770754
770680
770680
770680
770754
770440
770754
770680
770680
770680
770754
770680
770438
770752
770438
770992
770678
771066
770438
771308
770438
770678
770438
770678
770994
770754
770754
770754
770680
770754
770680
770754
770680
770754
770680
770048
770680
770754
770754
770440
770680
770680
770364
770994
770680
770754
770754
770754
770364
770680
770680
770754
770680
770754
770680
770754
770680
771068
770754
770438
770678
771066
770678
770438
770678
770438
770438
771066
770992
770678
771382
771068
770754
770680
770994
770680
770680
770680
770440
770440
770440
770680
770680
770440
770754
770680
770754
770754
770754
770048
770754
770754
770754
770364
770754
770364
770680
770680
770754
770754
770128
770680
770048
770680
770128
770680
770752
770438
770752
770678
770438
771066
770204
770438
770438
770438
770438
770992
770680
770754
770440
770754
770680
770440
770754
770128
770680
770754
770048
770680
770994
770830
770754
770754
771310
770754
771310
770754
770680
770754
770754
770440
770680
770754
770754
771068
770128
770128
770680
770754
770680
770754
770438
770438
770678
770438
770678
770438
771308
770438
770126
771066
771308
771066
770754
770754
770754
770364
771068
770680
770754
770994
770754
770754
771068
770048
771382
771068
770754
770754
770754
770680
770754
770994
770830
770754
770754
770680
771068
770680
770754
770364
770754
770754
770754
770680
770440
770754
770754
770362
770752
770438
770438
770678
770752
771066
770438
770678
770752
770678
770754
770518
770754
770128
770754
770754
770364
770754
770754
770754
770680
770754
770680
770440
770680
771068
770754
770754
770680
770754
770128
770754
770680
770754
770754
770754
770364
771068
770440
770754
770680
770754
770680
770128
770754
770206
770438
771066
770048
771066
770438
771066
770678
770438
770438
770438
771068
770680
770518
770440
770754
770994
770440
770754
770830
770680
770754
770754
770754
770680
770754
771068
770754
770680
770754
770440
770754
770048
770754
770754
770440
770680
770754
770680
771068
770680
770754
770754
770754
770680
770754
770754
770438
770438
770438
769812
771066
770678
770752
770438
770438
770678
770438
770438
770830
770518
770364
771068
770440
770754
770754
771068
770754
770754
770680
770754
770754
770754
770680
770754
770128
770754
770680
771068
771068
770830
770440
770754
771068
770440
770680
770754
770754
770754
770680
770754
771382
771068
770680
770438
770438
770438
770048
770438
770752
770204
770362
770438
769812
770752
770754
770994
770754
770754
770754
770680
770754
770754
770754
770128
770754
770754
770754
770994
770518
770754
770440
770994
770754
770754
770754
771310
770754
770128
770754
770680
770128
770440
770754
770754
770440
770754
770754
770994
770440
770754
770438
770678
770438
770438
770438
770204
771066
770438
770438
770678
770438
771142
770754
770754
770680
770754
770128
770754
770680
770754
770128
770754
770754
771382
770440
771142
770680
770754
771068
770754
770680
770754
770440
770754
770680
770754
770754
770440
770754
770754
770440
770128
770048
770754
770754
770754
770678
770752
770752
770752
770678
770516
770438
770752
770438
770438
770438
770754
770518
770754
770754
771068
770440
770680
771142
771068
770440
770680
770754
770754
770440
770440
770754
770440
771068
770680
770754
770754
770830
770680
770754
771068
770754
770680
770128
770754
770754
771068
770440
770754
770754
770994
770128
770438
770438
770678
770438
770438
770204
770678
771066
770438
770438
770438
771068
770754
770754
770754
770680
770754
770754
770830
770680
770128
770754
770754
770994
770128
770754
770754
771068
770754
770754
770754
770994
770754
770754
770754
770994
770754
770754
770830
771310
770128
770754
770754
770680
770440
770754
770438
770992
770438
770438
770204
770992
770204
770438
770438
770992
770438
770830
770754
770754
770754
770754
770754
770440
770680
770754
770440
770754
770680
770754
770754
770830
770680
770754
770754
770754
770364
770830
770754
770754
770680
770754
770754
771068
770680
770754
770440
771382
771310
770754
770754
770830
770752
770438
770438
770438
770362
771140
770438
770126
770678
770438
770438
770754
770830
770680
770754
770754
770754
770440
770830
770754
770754
770364
770754
770754
770754
770994
770754
770754
770754
770680
770128
770754
770830
770754
770128
770754
770754
770680
770440
770754
770754
770680
770754
770754
770754
770994
770440
770438
770438
770678
770438
771066
769890
770438
770438
770752
770204
770678
770994
770518
770754
770754
770680
770830
770754
770830
770754
770440
771382
770830
770680
770754
771382
770206
770680
770754
770754
770754
770364
770830
770754
770754
770680
770754
770754
770830
770994
770754
770754
770754
771310
770754
770830
770204
771308
769812
770438
770438
771066
770438
770438
770438
770678
770438
770830
770830
770754
770680
770754
770754
770754
770754
770754
770754
770440
770680
770754
770754
771454
770754
771382
770754
771382
770994
770754
770830
770754
770680
770754
770754
770754
770440
770754
770440
770754
770048
770754
770754
771142
770994
770752
770438
770438
770678
770438
770204
770828
770438
770438
770438
770830
770518
770754
770754
771382
770754
770680
770830
770830
770754
770680
770754
770754
770518
770754
771068
770440
770440
770680
770754
771068
771454
770680
770754
770754
770754
770680
770830
770830
770754
770754
770754
770440
770128
770680
770754
771066
770752
770678
770752
771066
770438
770438
771066
770438
770438
770754
770754
770754
770754
770754
770680
770754
770754
770830
770680
770754
770754
770830
770364
770830
770754
770440
770754
770754
770754
770754
770994
770440
770754
770754
770994
770830
770754
770830
770754
770128
770754
770830
770680
770518
770438
770204
770678
770438
770438
770438
770992
771066
770438
770438
770678
771066
770830
770754
770518
770754
770754
770830
770754
770364
770754
770830
771068
770048
770754
771142
771068
771068
770754
770754
770754
770364
770830
770830
770754
770680
770754
770754
770830
770048
770754
770754
770754
770680
770754
771142
770206
770438
770438
770438
