1551438
1551440
1551440
1550810
1551124
1551440
1551124
1551438
1551438
1551752
1551438
1551440
1551440
1551440
1551440
1551754
1550810
1551440
1551440
1551124
1551124
1551228
1551124
1551124
1550810
1551440
1551124
1551440
1551440
1551440
1550810
1550810
1551440
1551124
1551440
1551440
1551440
1551440
1551440
1551438
1551752
1551438
1551122
1552068
1551122
1551122
1551752
1550808
1551438
1551854
1551438
1551438
1552068
1550810
1551124
1551124
1551124
1551440
1551124
1551124
1551440
1551440
1551124
1550810
1551440
1551440
1551124
1551124
1551124
1551124
1551440
1551124
1550810
1551440
1551542
1550810
1551440
1551440
1551124
1551440
1551542
1550810
1551440
1551438
1551752
1551438
1551226
1552068
1552068
1552068
1551438
1552068
1551438
1551438
1551226
1551438
1551438
1551438
1551440
1551542
1551542
1551440
1550810
1551440
1551440
1552070
1550810
1551542
1551440
1551440
1551440
1551754
1550810
1551542
1551440
1551124
1551124
1551440
1550810
1551542
1551440
1551542
1550810
1552070
1551440
1551542
1551124
1551124
1551438
1551438
1551438
1551226
1551226
1551226
1551438
1551438
1551438
1551438
1551438
1551226
1551438
1551122
1551438
1551752
1551542
1550916
1551542
1551124
1551440
1551440
1551440
1550810
1551542
1551440
1551440
1550810
1551542
1550916
1551542
1551440
1551440
1551124
1551440
1550810
1551542
1551542
1551124
1551440
1551440
1550810
1551542
1551124
1550916
1551438
1551438
1551438
1550914
1550914
1551226
1550600
1551122
1551438
1550600
1551438
1551540
1551226
1551438
1552068
1551226
1551542
1550916
1551542
1551440
1550810
1550810
1551856
1551124
1551228
1551542
1550810
1551440
1551440
1551542
1551542
1551440
1551440
1551440
1551542
1551440
1551542
1551440
1551124
1551124
1551440
1551228
1551542
1551440
1550916
1551438
1551438
1551438
1551226
1551226
1550914
1551438
1551438
1551752
1551226
1550914
1551854
1551438
1551438
1551438
1551124
1551542
1551542
1551542
1551440
1551440
1551228
1551542
1551124
1551542
1551440
1550810
1550810
1551542
1550916
1551542
1551440
1550810
1551124
1551542
1550810
1551542
1552070
1551124
1551440
1551542
1551228
1551542
1551440
1551440
1551438
1551226
1551438
1551226
1551226
1551854
1551438
1551226
1551438
1551226
1551438
1551226
1551438
1551438
1551542
1551542
1551542
1551542
1551228
1551124
1551542
1551542
1551542
1551440
1550916
1551440
1551542
1551440
1551542
1551228
1550916
1551124
1551440
1550810
1551542
1551440
1550916
1551440
1551542
1551440
1551542
1551542
1551542
1551440
1551438
1551438
1551226
1551226
1551226
1551226
1551226
1551122
1551226
1551540
1551854
1551438
1551854
1551438
1551226
1551542
1551440
1551542
1551542
1551542
1550810
1551542
1550916
1551542
1551440
1551542
1551440
1551542
1551124
1550916
1551542
1551228
1551440
1551440
1551542
1551542
1551228
1550916
1551440
1551124
1551440
1551542
1551542
1550916
1551440
1551226
1551438
1551226
1551438
1551226
1550600
1551226
1551438
1551226
1551226
1550914
1550808
1551226
1551122
1551542
1551542
1551440
1550916
1550916
1551542
1551440
1551542
1551542
1551228
1550916
1551542
1551440
1551228
1551440
1551542
1551542
1551542
1551440
1551542
1551542
1551542
1550810
1551542
1551440
1551542
1551440
1550916
1551228
1551542
1551124
1550914
1551226
1551540
1551438
1551226
1551226
1551226
1551438
1551226
1551226
1551226
1551226
1551854
1550914
1551542
1551644
1550810
1551542
1551856
1551228
1551124
1551856
1551542
1551542
1551440
1551542
1550810
1550916
1551542
1550916
1551542
1551542
1551440
1551542
1551856
1550916
1551440
1551542
1551440
1551542
1551440
1551228
1550916
1551542
1551440
1550914
1551438
1551018
1551438
1551226
1551226
1551854
1551122
1551226
1551226
1550600
1551438
1551226
1551540
1551228
1551644
1551542
1551542
1551542
1551542
1550810
1551542
1551542
1551856
1551124
1551542
1551228
1551542
1551440
1551542
1550916
1551542
1551440
1550916
1551228
1551542
1550810
1551542
1551440
1551228
1550810
1551644
1551542
1550916
1551440
1550914
1551226
1551226
1550914
1551226
1551540
1551226
1551438
1551540
1551226
1551226
1551438
1550600
1551122
1551854
1551228
1550810
1551542
1550916
1551542
1551440
1550916
1551542
1550916
1551440
1551542
1551124
1551542
1551124
1551542
1551542
1551542
1551440
1551542
1550916
1551542
1551228
1550916
1551542
1550916
1551440
1551228
1551542
1550916
1550810
1551226
1551226
1551226
1551438
1551226
1551854
1550914
1551438
1551540
1551226
1551226
1551438
1551540
1551226
1551542
1551856
1550810
1551542
1551542
1551542
1550810
1551542
1551542
1551228
1551542
1551542
1551228
1551228
1551754
1551542
1551542
1551542
1551440
1551542
1551542
1550916
1550810
1551542
1550810
1551542
1550810
1551856
1550916
1550916
1551440
1551226
1550600
1551226
1551438
1550914
1551226
1551854
1551122
1551226
1550600
1551226
1551226
1551540
1550808
1551226
1551644
1551440
1550916
1551542
1551542
1550810
1550916
1551542
1551542
1551440
1550916
1551124
1551542
1550916
1551542
1551542
1551542
1551440
1551542
1551542
1551542
1551440
1551542
1551542
1550916
1551440
1551956
1550916
1551542
1551440
1550600
1551226
1551226
1551438
1551226
1551226
1551226
1551438
1551226
1551226
1551226
1551438
1551226
1551226
1551226
1551020
1552170
1551542
1551542
1551542
1550810
1551644
1550916
1551542
1551440
1550916
1550916
1551542
1550810
1551542
1551228
1551542
1550916
1551542
1551228
1551542
1551440
1551542
1551542
1551542
1551440
1551644
1550916
1551542
1551124
1551226
1550914
1551330
1551226
1551226
1550914
1551540
1551438
1551226
1550394
1551226
1551438
1551226
1551226
1551226
1551020
1551542
1551542
1551542
1551542
1551440
1551542
1551542
1551542
1551440
1551542
1551542
1551542
1551440
1551228
1551542
1551542
1551124
1551542
1550916
1551542
1550916
1550916
1551542
1551542
1550810
1551542
1551542
1551542
1551440
1551854
1551018
1551018
1551122
1551226
1551226
1550914
1551226
1551226
1550600
1551226
1551438
1551226
1551226
1551542
1551644
1550810
1550916
1551542
1551542
1551440
1551956
1550916
1551542
1551542
1551228
1551542
1551542
1550810
1551020
1551542
1552170
1551440
1551542
1551542
1550916
1551440
1551542
1551542
1551542
1551542
1551542
1551542
1551542
1551438
1551226
1551540
1551330
1551438
1551226
1551854
1551226
1551438
1551330
1551226
1551226
1551854
1551226
1551226
1551542
1551542
1551440
1551542
1551542
1551542
1551440
1551542
1551228
1550916
1551754
1551228
1550916
1551332
1551542
1551542
1550916
1551542
1550810
1550916
1551542
1551542
1550810
1551542
1550916
1551542
1551124
1551542
1551542
1551542
1551122
1551226
1551226
1551226
1551438
1551226
1551540
1551226
1551438
1551854
1551226
1551226
1551438
1551226
1551542
1551856
1550916
1551542
1551542
1551542
1551542
1551440
1551542
1551542
1551542
1550810
1551542
1551542
1551956
1551440
1551856
1551542
1551228
1551440
1551542
1551542
1551542
1551124
1551542
1551542
1551542
1551124
1551228
1550916
1550916
1551438
1551226
1550600
1551226
1551226
1551226
1550914
1551540
1551438
1551018
1551226
1551226
1551752
1551226
1551228
1551332
1551228
1551440
1551542
1551228
1550916
1550916
1551542
1550916
1551228
1551440
1550916
1552170
1551542
1550810
1551542
1551542
1550916
1551440
1551644
1550916
1551542
1551228
1551228
1551542
1551644
1551124
1551542
1550916
1551226
1551438
1551226
1551018
1550394
1551438
1551226
1550600
1551226
1551226
1551540
1551226
1551226
1551122
1551226
1551226
1551542
1551542
1551440
1551542
1551542
1551542
1551754
1551542
1551542
1551542
1551440
1551542
1551856
1551644
1551440
1551542
1550916
1551542
1551440
1551644
1551542
1551542
1551124
1551542
1551542
1551644
1550916
1551542
1551228
1551018
1551438
1551226
1551330
1551226
1551438
1551226
1550600
1551854
1551438
1551226
1551226
1551226
1551438
1551226
1551956
1551542
1551542
1551440
1551644
1551542
1551542
1551440
1551542
1551542
1551542
1551754
1551542
1551542
1551542
1551542
1551228
1551542
1551542
1551124
1551542
1551542
1551542
1551440
1551228
1551542
1551332
1551440
1551542
1550916
1551226
1551438
1551226
1551226
1551226
1551438
1551226
1551226
1551854
1551438
1551226
1551226
1551540
1551438
1551226
1551644
1550916
1551542
1551228
1551542
