#ofCHs	4
1305574	1302527	1302015	1301435
1305574	1302255	1302519	1301503
1305574	1302271	1302015	1301437
1305590	1302527	1302519	1301439
1305510	1302527	1302519	1301435
1305582	1301759	1302519	1301435
1305518	1302271	1302519	1301435
1305590	1302527	1302511	1301503
1305518	1302527	1302519	1301433
1305590	1302527	1302519	1301437
1305590	1302527	1302519	1301437
1305590	1302271	1302519	1301497
1305574	1302271	1302015	1301435
1305590	1302527	1302511	1301437
1305590	1301743	1302519	1301433
1305574	1302527	1302015	1301437
1305590	1302527	1302519	1301433
1305574	1302527	1302519	1301497
1305582	1302511	1302247	1298365
1302454	1302527	1302519	1301503
1305590	1302527	1302519	1301497
1305582	1302527	1302007	1301435
1305518	1302527	1302015	1301437
1305582	1302271	1302519	1301435
1305590	1302527	1302519	1301437
1305574	1302527	1301743	1301437
1305590	1302271	1302519	1301437
1305574	1302527	1302511	1301435
1305590	1302527	1302519	1301437
1305574	1302527	1302519	1301437
1305590	1302527	1302271	1301497
1305574	1302527	1302271	1301437
1305590	1302527	1302519	1301435
1305574	1302527	1302519	1301497
1305518	1302527	1302519	1301503
1305590	1302527	1302519	1301435
1305518	1302527	1302519	1301503
1305590	1302527	1302519	1301437
1305590	1302527	1302519	1301497
1305574	1302527	1301743	1301499
1305574	1302527	1302519	1301437
1305590	1302527	1302519	1301503
1305574	1302527	1302007	1301437
1305518	1302527	1302519	1301497
1305574	1302527	1302511	1301437
1305590	1302527	1302015	1301435
1305574	1301743	1302519	1301439
1305518	1302527	1302511	1301437
1305590	1302527	1302519	1301435
1305518	1302015	1302271	1301437
1305574	1302527	1302255	1301503
1305518	1302527	1302519	1301435
1305590	1302271	1302271	1301437
1305590	1302527	1302519	1301435
1305590	1302271	1302015	1301503
1305518	1302527	1302519	1301497
1305518	1301743	1302255	1301497
1305574	1302527	1302519	1301437
1305590	1302271	1302519	1301503
1305582	1302527	1302519	1301435
1305510	1302255	1302519	1301503
1305582	1302527	1302519	1301437
1305590	1302527	1302519	1301435
1305574	1302527	1302511	1301437
1305518	1302527	1302271	1301437
1305574	1302527	1302519	1301435
1305574	1302255	1302519	1301435
1305574	1302527	1302519	1301497
1305518	1302527	1302519	1301437
1305590	1302527	1302511	1301437
1305590	1302527	1302519	1301435
1305518	1302527	1302519	1301503
1305574	1302527	1302271	1301437
1305590	1302527	1302511	1301437
1305590	1302527	1302519	1301435
1305518	1302527	1302015	1301437
1305590	1302527	1302511	1301437
1305574	1302527	1302519	1301437
1305590	1302527	1302271	1301439
1305518	1302255	1302519	1301503
1305590	1301743	1302519	1301437
1305518	1302271	1302519	1301433
1305582	1301743	1301743	1301503
1305534	1302527	1302255	1301503
1305574	1302527	1302519	1301433
1305590	1301743	1301743	1301497
1305518	1302527	1302511	1301437
1305590	1301743	1302271	1301435
1305518	1302527	1302519	1301497
1305574	1302527	1302255	1301437
1305590	1302527	1302511	1301437
1305518	1302527	1302519	1301437
1305590	1302527	1302511	1301437
1305574	1301743	1302519	1301437
1305518	1302527	1302519	1301437
1305574	1301743	1302271	1301439
1305590	1302527	1302511	1301433
1305574	1302527	1302519	1301435
1305590	1302527	1302511	1301497
1305574	1302527	1302519	1301435
1305574	1301743	1302271	1301435
1305518	1302527	1302015	1301437
1305590	1302527	1302511	1301437
1305590	1302255	1302519	1301435
1305534	1302527	1302519	1301435
1305582	1302255	1302519	1301503
1305582	1302527	1302255	1301435
1305518	1302015	1302015	1301433
1305574	1302527	1302519	1301437
1305574	1302527	1302511	1301437
1305574	1302527	1302519	1301437
1305590	1301743	1301991	1301437
1305574	1302271	1302519	1301435
1305518	1302527	1302519	1301503
1305518	1302015	1302271	1301437
1305574	1302527	1302511	1301437
1305574	1302527	1302271	1301435
1305574	1302271	1302271	1301503
1305574	1302527	1302015	1301437
1305574	1302527	1302511	1301437
1305518	1302527	1302519	1301435
1305590	1302527	1302511	1301437
1305574	1302527	1302007	1301437
1305574	1302527	1302015	1301435
1305574	1302527	1302519	1301437
1305574	1302527	1302511	1301497
1305518	1301743	1302519	1301501
1305510	1302527	1302519	1301433
1305582	1302527	1302519	1302463
1305510	1302527	1301991	1301435
1305574	1302527	1302519	1301435
1305574	1302255	1302511	1301437
1305518	1302527	1302511	1301435
1305574	1302527	1302015	1301437
1305590	1302527	1302511	1301503
1305574	1302527	1302511	1301497
1305590	1302527	1302519	1301437
1305574	1301743	1302519	1301435
1305518	1302527	1302519	1301433
1305574	1302255	1302519	1301501
1305590	1302527	1302511	1301435
1305590	1302527	1302271	1301497
1305590	1302015	1302511	1301437
1305574	1302271	1302519	1301435
1305518	1302527	1302519	1301503
1305590	1301743	1302519	1301497
1305574	1302527	1302511	1301437
1305574	1302527	1302271	1301435
1305582	1302527	1302007	1301435
1305510	1302527	1302519	1301503
1305518	1302527	1302015	1301435
1305590	1302527	1302271	1301433
1305590	1302527	1302511	1301437
1305518	1302527	1302519	1301437
1305518	1302255	1302519	1301501
1305574	1302527	1302511	1301437
1305518	1302271	1302007	1301437
1305590	1302527	1302519	1301497
1305534	1301743	1302519	1301433
1305582	1302527	1302007	1301435
1305534	1302527	1301743	1301435
1305590	1302527	1302519	1301435
1305598	1302527	1302519	1301435
1305574	1301743	1302519	1301435
1305590	1302527	1302511	1301497
1305574	1302015	1302007	1301437
1305518	1302527	1302263	1301435
1305582	1301743	1302503	1301503
1305574	1301743	1302255	1301501
1305518	1301743	1301975	1301497
1305574	1302271	1302255	1301437
1305518	1302255	1302519	1301501
1305518	1301743	1302511	1301497
1305574	1302527	1302511	1301437
1305590	1302527	1302519	1301437
1305574	1302527	1302015	1301437
1305574	1302527	1302271	1301437
1305590	1302527	1302511	1301435
1305574	1302527	1302255	1301503
1305574	1302527	1302511	1301437
1305590	1302527	1302519	1301433
1305590	1302527	1302519	1301501
1305574	1302255	1302511	1301435
1305590	1302527	1302511	1301435
1305518	1302527	1302015	1301435
1305518	1302527	1302519	1301497
1305574	1302527	1302519	1301433
1305590	1301743	1301991	1301497
1305590	1302527	1302511	1301437
1305574	1301743	1302255	1301437
1305574	1301743	1302511	1301437
1305590	1302527	1302007	1301437
1305574	1302527	1302519	1301437
1305590	1302527	1302519	1301437
1305582	1302527	1302503	1301435
1305574	1302271	1302519	1301433
1305574	1302527	1302255	1301437
1305590	1302527	1302519	1301437
1305574	1301743	1302511	1301497
1305574	1302271	1302511	1301437
1305590	1302527	1302519	1301437
1305590	1302527	1302511	1301437
1305590	1302527	1302511	1301497
1305582	1302527	1302519	1301435
1305590	1302271	1302503	1301435
1305518	1302527	1302511	1301437
1305574	1302527	1301727	1301437
1305574	1302527	1302519	1301439
1305518	1302527	1302511	1301435
1305518	1302527	1302519	1301497
1305590	1301743	1301991	1301437
1305574	1301743	1302519	1301435
1305574	1302527	1302015	1301437
1305574	1302527	1302007	1301437
1305590	1302527	1302519	1301437
1305590	1302527	1302519	1301439
1305518	1302527	1302519	1301435
1305590	1302527	1302511	1301437
1305574	1301743	1302511	1301437
1305574	1302527	1302271	1301437
1305574	1302255	1301991	1301435
1305574	1302527	1302271	1301437
1305574	1302527	1302007	1301435
1305582	1301743	1302007	1301503
1305534	1302527	1302255	1301435
1305574	1302271	1302519	1301435
1305590	1301743	1301991	1301437
1305590	1302527	1302519	1301437
1305590	1302527	1302271	1301435
1305518	1302527	1302511	1301437
1305590	1302527	1302511	1301437
1305518	1302527	1302511	1301497
1305590	1302271	1302271	1301437
1305590	1302527	1302511	1301435
1305574	1302271	1302007	1301437
1305518	1302527	1302511	1301437
1305574	1301743	1302271	1301497
1305574	1301743	1302511	1301497
1305518	1302527	1302519	1301437
1305590	1302527	1302511	1301497
1305574	1302527	1302511	1301437
1305590	1302271	1302519	1301497
1305518	1302527	1302519	1301437
1305574	1302527	1302007	1301437
1305574	1302527	1302519	1301435
1305582	1302527	1302519	1301433
1305582	1302527	1302519	1301435
1305590	1302527	1302519	1301497
1305590	1302527	1302511	1301437
1305590	1302527	1302511	1301437
1305574	1302527	1302015	1301437
1305574	1302527	1302271	1301437
1305590	1302527	1302519	1301435
1305518	1302527	1302007	1301437
1305574	1302527	1302519	1301435
1305574	1301743	1302511	1301497
1305582	1302527	1302519	1302463
1305510	1302527	1302255	1301433
1305534	1302527	1302255	1301503
1305574	1302527	1302519	1301503
1305518	1302527	1302519	1301437
1305574	1301743	1302271	1301435
1305518	1302271	1302007	1301437
1305590	1302527	1302511	1301437
1305590	1302527	1302519	1301497
1305590	1302527	1302519	1301437
1305590	1302527	1301727	1301497
1305574	1302527	1302255	1301437
1305574	1301743	1302511	1301497
1305590	1302527	1302271	1301437
1305590	1302527	1302511	1301437
1305518	1302527	1302519	1301435
1305574	1302527	1302015	1301437
1305590	1302527	1302519	1301435
1305590	1302527	1302511	1301435
1305518	1302527	1302007	1301437
1305574	1301743	1302511	1301497
1305574	1302527	1302271	1301435
1305590	1302015	1302511	1301437
1305582	1302271	1302255	1301435
1305582	1302271	1302519	1301435
1305510	1301759	1302519	1302463
1305518	1301743	1301991	1301435
1305518	1302527	1302511	1301497
1305574	1302527	1302511	1301435
1305534	1302527	1302271	1301497
1305590	1302527	1302519	1301435
1305590	1302527	1302255	1301437
1305574	1302527	1302511	1301433
1305590	1301743	1302255	1301437
1305590	1302527	1302519	1301435
1305518	1302527	1302511	1301435
1305518	1302527	1302511	1301437
1305590	1302527	1302511	1301497
1305574	1301743	1302271	1301435
1305518	1302527	1302511	1301437
1305574	1302255	1302519	1301437
1305518	1302527	1302511	1301437
1305590	1301743	1302519	1301435
1305574	1302527	1301727	1301437
1305574	1302527	1302511	1301437
1305590	1302527	1302007	1301433
1305582	1302527	1302263	1301435
1305582	1302527	1302255	1301435
1305574	1302271	1302519	1301433
1305590	1301743	1301991	1301435
1305574	1301743	1302519	1301437
1305590	1302527	1302519	1301435
1305518	1302527	1302255	1301437
1305574	1302527	1302271	1301437
1305574	1302527	1302511	1301435
1302454	1302527	1302015	1301437
1305590	1302527	1302511	1301437
1305574	1302527	1302519	1301437
1305590	1302527	1302255	1301437
1305574	1301743	1302271	1301497
1305518	1301743	1302511	1301437
1305518	1302527	1302519	1301437
1305590	1302527	1302511	1301437
1305574	1302271	1302015	1301435
1305574	1302527	1302511	1301437
1305518	1302527	1302519	1301437
1305574	1302527	1302519	1301437
1305590	1302527	1302519	1301437
1305582	1302255	1302255	1301503
1305534	1302527	1302255	1301503
1305582	1302527	1302519	1301435
1305518	1302527	1302519	1301437
1305574	1302527	1302519	1301437
1305590	1302527	1302511	1301437
1305574	1301743	1302519	1301437
1305574	1302527	1302511	1301497
1305590	1302527	1302519	1301435
1305518	1302527	1302007	1301437
1305574	1302255	1302511	1301497
1305590	1302527	1302519	1301497
1305574	1302527	1302015	1301435
1305590	1302527	1302511	1301437
1305574	1302527	1302519	1301437
1305574	1301743	1302519	1301497
1305590	1302527	1302271	1301437
1305574	1302527	1302511	1301437
1305590	1301743	1302511	1301437
1305590	1302527	1302255	1301497
1305574	1302527	1302271	1301437
1305574	1302527	1302511	1301437
1305518	1302527	1302007	1301437
1305582	1301743	1302255	1301503
1305582	1302527	1302007	1301435
1305518	1302527	1302255	1301435
1305518	1302527	1302255	1301435
1305574	1302527	1302519	1301437
1305574	1302527	1302511	1301435
1305574	1302527	1302519	1301435
1305574	1302527	1302511	1301435
1305518	1302527	1302007	1301437
1305590	1302527	1302255	1301437
1305590	1302527	1302519	1301435
1305590	1302527	1302511	1301437
1305518	1302527	1302271	1301437
1305590	1302527	1302511	1301497
1305518	1302271	1302015	1301437
1305590	1302527	1302511	1301497
1305590	1302527	1302519	1301435
1305574	1302527	1302519	1301437
1305590	1302527	1302519	1301435
1305574	1302271	1302255	1301437
1305590	1302527	1302511	1301437
1305574	1302527	1302511	1301437
1305582	1302527	1302519	1301503
1305534	1302527	1301999	1301503
1305582	1302527	1302255	1301435
1305574	1302527	1302271	1301437
1305590	1302527	1302519	1301435
1305574	1302527	1302007	1301437
1305518	1302527	1302511	1301437
1305518	1302527	1302511	1301437
1305590	1302527	1302519	1301437
1305518	1302527	1302511	1301497
1305590	1302271	1302519	1301437
1302454	1302527	1302255	1301503
1305534	1302527	1302519	1302463
1305582	1302527	1302255	1301435
1305590	1302527	1302255	1301435
1305518	1302527	1302519	1301437
1305582	1301743	1302255	1301433
1305574	1302527	1302015	1301437
1305574	1302527	1302255	1301437
1305590	1302255	1302519	1301435
1305518	1301743	1302511	1301497
1305574	1302527	1302255	1301435
1305510	1302527	1302255	1301433
1305582	1301743	1301743	1301437
1305574	1302271	1302519	1301435
1305518	1302527	1302007	1301437
1305574	1302527	1302519	1301435
1305534	1302527	1302511	1301437
1305574	1302527	1302511	1301435
1305590	1302527	1302511	1301433
1305590	1302527	1302519	1301437
1305590	1302527	1301727	1301437
1305590	1302527	1302271	1301435
1305574	1302527	1302007	1301437
1305590	1302527	1302511	1301437
1305574	1302527	1302511	1301437
1305518	1302527	1302519	1301435
1305518	1302527	1302247	1301437
1305574	1302527	1302015	1301437
1305590	1302527	1302511	1301497
1305518	1301743	1302519	1301433
1305574	1302527	1302511	1301437
1305574	1302527	1302511	1301435
1305518	1302527	1302007	1301435
1305534	1302527	1302519	1301437
1305534	1302527	1302255	1301433
1305582	1302527	1302255	1301503
1305590	1301743	1301975	1301497
1305590	1302527	1302519	1301437
1305590	1302271	1302015	1301435
1305590	1302527	1302247	1301437
1305518	1302527	1302519	1301435
1305574	1302527	1302511	1301435
1305518	1302527	1302519	1301497
1305590	1302527	1302519	1301437
1305518	1302527	1302007	1301437
1305518	1302527	1302511	1301437
1305574	1302527	1302519	1301437
1305518	1302527	1302511	1301437
1305590	1302527	1302519	1301437
1305574	1301743	1302247	1301497
1305518	1302527	1302271	1301437
1305574	1302527	1302519	1301437
1305518	1302527	1302511	1301437
1305574	1302527	1302519	1301437
1305574	1302527	1302015	1301435
1305510	1302527	1302255	1301435
1305582	1302527	1302255	1301435
1305582	1302255	1302519	1301435
1305590	1302527	1301743	1301437
1305574	1302527	1302519	1301437
1305590	1302527	1302511	1301437
1305518	1302527	1302511	1301433
1305574	1302015	1302007	1301437
1305590	1302527	1302519	1301435
1305574	1302015	1302007	1301437
1305518	1302527	1301991	1301437
1305590	1302527	1302519	1301497
1305574	1301743	1301743	1301435
1305574	1302527	1302007	1301437
1305574	1302527	1302519	1301437
1305574	1301743	1302519	1301437
1305590	1302527	1302271	1301437
1305590	1302527	1302511	1301435
1305574	1302527	1302271	1301437
1305518	1302527	1302511	1301437
1305590	1302527	1302511	1301437
1305574	1302271	1302007	1301437
1305590	1302527	1302511	1301437
1305582	1302527	1302247	1301435
1305582	1302527	1302263	1301435
1305582	1301743	1302255	1301503
1305574	1302271	1302519	1301435
1305574	1302527	1302519	1301433
1305590	1301743	1302511	1301437
1305574	1302271	1302007	1301437
1305590	1302527	1302511	1301437
1305590	1302527	1302519	1301437
1305518	1302271	1302271	1301437
1305574	1302527	1302519	1301437
1305590	1302527	1302511	1301497
1305574	1302527	1302255	1301433
1305590	1302527	1301727	1301435
1305574	1302527	1302519	1301437
1305590	1302527	1302255	1301435
1305590	1302527	1302255	1301437
1305590	1302527	1302519	1301437
1305518	1302527	1302511	1301437
1305574	1302527	1302519	1301435
1305574	1301743	1302255	1301497
1305574	1302527	1302519	1301437
1305534	1302527	1301743	1301437
1305574	1302527	1302519	1301437
1305518	1302527	1302511	1301497
1305574	1302527	1302511	1301437
1305518	1302527	1302511	1301437
1305590	1302527	1302519	1301497
1305590	1302527	1301727	1301497
1305574	1302527	1302271	1301437
1305590	1302527	1302511	1301437
1305518	1302255	1301743	1301435
1305574	1302527	1302511	1301435
1305590	1301743	1302511	1301435
1305582	1302527	1302255	1301435
1305582	1302527	1302519	1301435
1305582	1302527	1302255	1301435
1305590	1302527	1302007	1301435
1305518	1302015	1302015	1301437
1305590	1302527	1302511	1301437
1305590	1302527	1302519	1301435
1305518	1302527	1302511	1301437
1305518	1302527	1302527	1301437
1305574	1302271	1302255	1301437
1305590	1302527	1301743	1301437
1305574	1302527	1302511	1301437
1305534	1302255	1302519	1301497
1305590	1302271	1302511	1298431
1305574	1302527	1302511	1301437
1305574	1301743	1302511	1301435
1305518	1302527	1302271	1301497
1305590	1302527	1302519	1301437
1305590	1302255	1302519	1301435
1305574	1302255	1302511	1301435
1305574	1302527	1301727	1301437
1305574	1302527	1302015	1301437
1305590	1302527	1302519	1301435
1305534	1302527	1302255	1301435
1305582	1302527	1302519	1301435
1305510	1302527	1302503	1301435
1305518	1302527	1302519	1301435
1305574	1302527	1302519	1301435
1305574	1301743	1302511	1301435
1305518	1302271	1302015	1301437
1305534	1302527	1302519	1301435
1305574	1302527	1302511	1301437
1305574	1302527	1302511	1301433
1305518	1302527	1302519	1301437
1305590	1302527	1302271	1301437
1305590	1302527	1302519	1301437
1305574	1301743	1302247	1301497
1305518	1302527	1302511	1301497
1305518	1302527	1302511	1301437
1305574	1302527	1302015	1301437
1305590	1302271	1302511	1301437
1305574	1302527	1302511	1301437
1305518	1302527	1302511	1301437
1305574	1302527	1302519	1301435
1305574	1302527	1302007	1301437
1305534	1302527	1302263	1301435
1305582	1302527	1301999	1301435
1305582	1302527	1302519	1301437
1305574	1302527	1302255	1301433
1305574	1302527	1302007	1301437
1305590	1302527	1302519	1301437
1305534	1301743	1302519	1301437
1305518	1302527	1302519	1301497
1305574	1302527	1302511	1301497
1305574	1301743	1302511	1301497
1305590	1302527	1302511	1301437
1305574	1302527	1302271	1301437
1305590	1302527	1302511	1301497
1305518	1302527	1302519	1301497
1305574	1302527	1302015	1301437
1305518	1302527	1302519	1301501
1305574	1301743	1302511	1301437
1305534	1302527	1302255	1301437
1305574	1302271	1302007	1301437
1305518	1301743	1302519	1301437
1305590	1302527	1301727	1301437
1305574	1302527	1302255	1301437
1305574	1302527	1302511	1301437
1305582	1302015	1302519	1301435
1305582	1302527	1302503	1301435
1305582	1302527	1302255	1301433
1305574	1302527	1302007	1301435
1305590	1302527	1302511	1301437
1305574	1302527	1302015	1301437
1305574	1301743	1302511	1301433
1305574	1302527	1302519	1301497
1305590	1302527	1302015	1301437
1305590	1302271	1302519	1298363
1305590	1302527	1302247	1301437
1305590	1302527	1302519	1301437
1305590	1302527	1302519	1301497
1305518	1302527	1302519	1301435
1305590	1302527	1302511	1301497
1305590	1302527	1302511	1301497
1305574	1302527	1302255	1301437
1305590	1302527	1302511	1301435
1305518	1302527	1302007	1301437
1305574	1302527	1302519	1301437
1305590	1302527	1302511	1301437
1305518	1302271	1302519	1301435
1305518	1302527	1302007	1301437
1305574	1301743	1302503	1301435
1305534	1302527	1302519	1301433
1305582	1301743	1302519	1301499
1305590	1302527	1302255	1301435
1305574	1302527	1302511	1301497
1305574	1302255	1302519	1301497
1305574	1302015	1302007	1301437
1305518	1302527	1302519	1301437
1305590	1302527	1302511	1301437
1305518	1302271	1302511	1301437
1305590	1302527	1302519	1301437
1305590	1302527	1302519	1301435
1305518	1302527	1302007	1301437
1305518	1302527	1302511	1301437
1305574	1302255	1302511	1301437
1305590	1302015	1302015	1301437
1305590	1302527	1301727	1301435
1305574	1302527	1302519	1301437
1305518	1302527	1302271	1301437
1305590	1302527	1302519	1301435
1305590	1302527	1301727	1301437
1305574	1302527	1302511	1301437
1302454	1302527	1302255	1301503
1305534	1302527	1302255	1301503
1305582	1302255	1302255	1301433
1305590	1302271	1302263	1301435
1305518	1302527	1301975	1301435
1305534	1302527	1302519	1301435
1305590	1302527	1302015	1301437
1305574	1301743	1301727	1301497
1305518	1302527	1302519	1301497
1305518	1302527	1302519	1301437
1305590	1302527	1302519	1301435
1305518	1302527	1302511	1301497
1305518	1302527	1302519	1301435
1305518	1302527	1302511	1301437
1305574	1302527	1302015	1301437
1305518	1302527	1302007	1301437
1305590	1302527	1302271	1301437
1305534	1301743	1302255	1301437
1305590	1302527	1302519	1301501
1305574	1302255	1302511	1301497
1305518	1302255	1302519	1301497
1305590	1302527	1302519	1301497
1305518	1302527	1302511	1301435
1305518	1302527	1302511	1301437
1305590	1302527	1302519	1301497
1305574	1302527	1302271	1301435
1305590	1302527	1302511	1301437
1305534	1302527	1302007	1301437
1305518	1302527	1302511	1301437
1305574	1302527	1302015	1301437
1305534	1302527	1302511	1301437
1305518	1302527	1302519	1301437
1305590	1302527	1302519	1301435
1305574	1302015	1301999	1301437
1305518	1302527	1302519	1301437
1305518	1302527	1302519	1301497
1305574	1302527	1302519	1301437
1305590	1302527	1302511	1301435
1305518	1301743	1302519	1301437
1305574	1302255	1302519	1301433
1305590	1302527	1302519	1301501
1305590	1302527	1302511	1301437
1305518	1302527	1302519	1301435
1305582	1302527	1301999	1301433
1305534	1302527	1302519	1301503
1305518	1302527	1302255	1301435
1305518	1301743	1301975	1301497
1305590	1302527	1302271	1301437
1305534	1302527	1302511	1301433
1305518	1302255	1302519	1301437
1305574	1302527	1302511	1301435
1305574	1302255	1302519	1301497
1305590	1302271	1302255	1301437
1305518	1302527	1302519	1301435
1305590	1302527	1302511	1301497
1305518	1302527	1302255	1301437
1305574	1302527	1301727	1301437
1305590	1302527	1302519	1301439
1305590	1302527	1302511	1301437
1305574	1301743	1301975	1301437
1305574	1302527	1302519	1301437
1305590	1302527	1302519	1301435
1305518	1302527	1302247	1301437
1305590	1302527	1302519	1301437
1305574	1302527	1301991	1301437
1305582	1302527	1302519	1301435
1305582	1302527	1302255	1301433
1305582	1302527	1302519	1301435
1305534	1302271	1302255	1301433
1305518	1302527	1302519	1301437
1305518	1302527	1302519	1301435
1305590	1302527	1302511	1301437
1305534	1302527	1302511	1301437
1305518	1302527	1302519	1301435
1305574	1302527	1302015	1301437
1305518	1302527	1302511	1301437
1305574	1302255	1301743	1301437
1305518	1302527	1302519	1301437
1305590	1302527	1302519	1301497
1305574	1302527	1301727	1301437
1305574	1302527	1302007	1301437
1305534	1302527	1302519	1301433
1305590	1302527	1302519	1301437
1305590	1302527	1302511	1301437
1305574	1302527	1302519	1301437
1305518	1302527	1302511	1301437
1305574	1302527	1302271	1301435
1305518	1302527	1302007	1301437
1305510	1302527	1302255	1301435
1305582	1301743	1302519	1301435
1305574	1302527	1302519	1301499
1305518	1302527	1302255	1301433
1305518	1302527	1301727	1301437
1305574	1302527	1302519	1301437
1305574	1302527	1302511	1301437
1305590	1302527	1302519	1301437
1305574	1302527	1302511	1301435
1305534	1301743	1302519	1301433
1305534	1302527	1302519	1301437
1305518	1302527	1302519	1301435
1305574	1302527	1302511	1301437
1305518	1302527	1302519	1301435
1305590	1302527	1302519	1301437
1305590	1302527	1302519	1301497
1305518	1302527	1302511	1301437
1305590	1302527	1302519	1301437
1305574	1301743	1302271	1301497
1305534	1302271	1302015	1301437
1305590	1302527	1302511	1301437
1305518	1302527	1302007	1301437
1305574	1302527	1302255	1298429
1305534	1302527	1302519	1301435
1305582	1302527	1302255	1301435
1305574	1302527	1302263	1301435
1305534	1302527	1302511	1301435
1305534	1302527	1302519	1301497
1305518	1302527	1302511	1301497
1305590	1302527	1302519	1301497
1305590	1302527	1302519	1301437
1305518	1302527	1302511	1301497
1305590	1302527	1302015	1301437
1305590	1301743	1302511	1301497
1305534	1302527	1302255	1301435
1305574	1302527	1302519	1301435
1305582	1302527	1302519	1301435
1305518	1302527	1302255	1301435
1305590	1302527	1302271	1301437
1305590	1302527	1302527	1301437
1305574	1302527	1302255	1301437
1305574	1302527	1302519	1301437
1305590	1302527	1302511	1301437
1305574	1302527	1302519	1301437
1305518	1302527	1301991	1301437
1305574	1301743	1302519	1301437
1305574	1301743	1301991	1301437
1305518	1302527	1302519	1301435
1305574	1302527	1302511	1301437
1305590	1302527	1302519	1301435
1305518	1302271	1302255	1301437
1305590	1302527	1302519	1301437
1305590	1302271	1302519	1301437
1305590	1302271	1302015	1298431
1305590	1302527	1301727	1301437
1305590	1302527	1302527	1301497
1305590	1302527	1302511	1301497
1305534	1302527	1301743	1301435
1305582	1302271	1302007	1301435
1305582	1302527	1301743	1301435
1305518	1302527	1301759	1301435
1305518	1302527	1302519	1301437
1305518	1302527	1302519	1301437
1305518	1302271	1302511	1301437
1305518	1302527	1302519	1301437
1305590	1302527	1302519	1301435
1305574	1301743	1302519	1301437
1305590	1302527	1302511	1301437
1305574	1302527	1302519	1301437
1305574	1302527	1302519	1301437
1305574	1301743	1302519	1301497
1305590	1302527	1302519	1301437
1305518	1302527	1302519	1301437
1305574	1302527	1302247	1301437
1305590	1302527	1302519	1301435
1305518	1302271	1302511	1301437
1305534	1302271	1302271	1301437
1305518	1302527	1302519	1301435
1305518	1302527	1302015	1301435
1305510	1302527	1302255	1301435
1305582	1302527	1302255	1301435
1305582	1302527	1302263	1301435
1305518	1302527	1302263	1301437
1305590	1302527	1302015	1301437
1305590	1302527	1302255	1301437
1305574	1302527	1302519	1301437
1305518	1302527	1302511	1301437
1305518	1302527	1302519	1301437
1305574	1301743	1302511	1301437
1305574	1302527	1302519	1301435
1305574	1302015	1302015	1301437
1305590	1302527	1302519	1301439
1305590	1302527	1301727	1301437
1305534	1302527	1301959	1301437
1305518	1302527	1302519	1301437
1305574	1302527	1302271	1298431
1305574	1302527	1301727	1301437
1305590	1301743	1302519	1301433
1305590	1302527	1302511	1301497
1305518	1302527	1302519	1301435
1305518	1302527	1302511	1301437
1305590	1302527	1302511	1301437
1305534	1302527	1302255	1301503
1305510	1302271	1302519	1301433
1305582	1302527	1302503	1301435
1305574	1302015	1302255	1301435
1305574	1302527	1302519	1301437
1305590	1302527	1302519	1301437
1305574	1302527	1302519	1301497
1305590	1302527	1301727	1301437
1305574	1302527	1302519	1301437
1305574	1302527	1302511	1301437
1305590	1302527	1302519	1301437
1305574	1302527	1302511	1301497
1305574	1301743	1302519	1301497
1305518	1302527	1302511	1301435
1305574	1302527	1302519	1301437
1305518	1302527	1302511	1301437
1305574	1302527	1302519	1301497
1305574	1302527	1302015	1301437
1305590	1302527	1302519	1301501
1305590	1301743	1302511	1301435
1305534	1302527	1302519	1301437
1305590	1302527	1302519	1301437
1305590	1302271	1302519	1301435
1305534	1302527	1301999	1301433
1305534	1302255	1301751	1301433
1305574	1302527	1302255	1301435
1305534	1302527	1302511	1301435
1305574	1302527	1302519	1301497
1305574	1302255	1302511	1301497
1305518	1302527	1302519	1301437
1305534	1302271	1302519	1301437
1305574	1302527	1302519	1301501
1305590	1302527	1301727	1301437
1305590	1302527	1302519	1301435
1305518	1302255	1302519	1301435
1305590	1302271	1302271	1301437
1305574	1302015	1302511	1301437
1305518	1302527	1302519	1301435
1305518	1302527	1302519	1301437
1305590	1302271	1302271	1301497
1305574	1302527	1302007	1301437
1305574	1302527	1302519	1301437
1305574	1302527	1302255	1301437
1305574	1302527	1302519	1301437
1305574	1302527	1302511	1301437
1305574	1302527	1302263	1301435
1305534	1302527	1302519	1301433
1305582	1302527	1302519	1301435
1305518	1302015	1301999	1301435
1305574	1302255	1302511	1301437
1305590	1302527	1302519	1301437
1305574	1301743	1302511	1301435
1305590	1302527	1302519	1301439
1305518	1302527	1302511	1301497
1305574	1302255	1302519	1301437
1305574	1302527	1302519	1301437
1305518	1302527	1302015	1301435
1305582	1302527	1301999	1301435
1305534	1302527	1302519	1301503
1305582	1302527	1302255	1301435
1305518	1302527	1301751	1301435
1305534	1302255	1302007	1301437
1305518	1302527	1302511	1301437
1305518	1302271	1302255	1301437
1305574	1302527	1302271	1301437
1305518	1302527	1302519	1301435
1305518	1302527	1301727	1301437
1305518	1302527	1302511	1301437
1305534	1302015	1302527	1301437
1305518	1302271	1302519	1301437
1305590	1302271	1302511	1301433
1305574	1302527	1302271	1301437
1305518	1302527	1302511	1301497
1305590	1302527	1302519	1301437
1305574	1302527	1302511	1301437
1305590	1302015	1302519	1301437
1305518	1302015	1302255	1301433
1305574	1302527	1302519	1301437
1305590	1302527	1302511	1301435
1305518	1302271	1302015	1301437
1305518	1302527	1302511	1301497
1305590	1302527	1302519	1301497
1305590	1302527	1301727	1301497
1305574	1302527	1302519	1301437
1305590	1302527	1302511	1301435
1305574	1302527	1302271	1301437
1305518	1302527	1302511	1301437
1302454	1302527	1302511	1301437
1305590	1302527	1302511	1301435
1305590	1302015	1302271	1301437
1305582	1302527	1302255	1301435
1305534	1302527	1302015	1301437
1305534	1301743	1301751	1301433
1305574	1302527	1302511	1301437
1305518	1302527	1302511	1301437
1305590	1302015	1302519	1301433
1305574	1302527	1302271	1301435
1305574	1301743	1301727	1301437
1305518	1302527	1302511	1301435
1305518	1301743	1302271	1301437
1305510	1302527	1302519	1301437
1305534	1302527	1302255	1301433
1305510	1302527	1302519	1301435
1305534	1302527	1302255	1301503
1305534	1302527	1302511	1301437
1305574	1302255	1302519	1301437
1305574	1302271	1302255	1301437
1305534	1301743	1302519	1301497
1305518	1302527	1302519	1301437
1305574	1302527	1302519	1301437
1305518	1301743	1301975	1301437
1305574	1302527	1302519	1301497
1305590	1302527	1302519	1301497
1305590	1302527	1302519	1301437
1305590	1302527	1301727	1301437
1305534	1302527	1302271	1301497
1305590	1302527	1302007	1301437
1305518	1302527	1302519	1301497
1305574	1302527	1302007	1301437
1305574	1302527	1302519	1301433
1305534	1302527	1302511	1301437
1305574	1302527	1302271	1301435
1305518	1301743	1302511	1301435
1305534	1302527	1302519	1301435
1305590	1302527	1302519	1301503
1305518	1302527	1302015	1301437
1305518	1301743	1301743	1301497
1305574	1302527	1302519	1301435
1305574	1302527	1302015	1301437
1305574	1302527	1302511	1301435
1305518	1302527	1302527	1301497
1305590	1302527	1302511	1301437
1305518	1302527	1302511	1301437
1305518	1302527	1302511	1301437
1305590	1302527	1302519	1301435
1305518	1302015	1302511	1301433
1305518	1302527	1302007	1301437
1305574	1301743	1302519	1301497
1305590	1302527	1302519	1301437
1302454	1302527	1301727	1301437
1305574	1302527	1302519	1301437
1305574	1302527	1302511	1301437
1305518	1302015	1302519	1301437
1305574	1302527	1301991	1301437
1305518	1302527	1302519	1301437
1305510	1302527	1302255	1301503
1305582	1302015	1302271	1301435
1305510	1302527	1301999	1301433
1305590	1302271	1302263	1301435
1305534	1302527	1302519	1301435
1305534	1302527	1302519	1301437
1305574	1302527	1302519	1301437
1305590	1302527	1301727	1301437
1305574	1302527	1302271	1301437
1305518	1302527	1302511	1301497
1305574	1302527	1302527	1301435
1305518	1302527	1301727	1301437
1305590	1302527	1302519	1301497
1305574	1302527	1302007	1301437
1305590	1302527	1302519	1301435
1305590	1302527	1302511	1301435
1305534	1302271	1302007	1301437
1305518	1302527	1302511	1301437
1305590	1302527	1302527	1301437
1305518	1302527	1302511	1301497
1305518	1301743	1302511	1301435
1305534	1302527	1302255	1301437
1305590	1302271	1302519	1301437
1305582	1301743	1301999	1301435
1305582	1302527	1302519	1301435
1305574	1301743	1302263	1301503
1305518	1302527	1302519	1301435
1305590	1302527	1302519	1301437
1305574	1302255	1302511	1301497
1305534	1302527	1302519	1301435
1305518	1302527	1302519	1301437
1305590	1302527	1302519	1301437
1305518	1302527	1302255	1301437
1305534	1302527	1302511	1301437
1305518	1302527	1302271	1301437
1305574	1302527	1302015	1301437
1305574	1301743	1302247	1301497
1305534	1302527	1302519	1301437
1305574	1301743	1302511	1301437
1305590	1302271	1302511	1301437
1305590	1302527	1302511	1301437
1305574	1302527	1302255	1301437
1305518	1302527	1302511	1301437
1305590	1302527	1302519	1301497
1305574	1302527	1302511	1301437
1305582	1302015	1302255	1301435
1305590	1302527	1302503	1301435
1302454	1302527	1302519	1301437
1305534	1302527	1301999	1301503
1305518	1302527	1302511	1301437
1305518	1302527	1302271	1301437
1305590	1302527	1302007	1301437
1305590	1302527	1302519	1301437
1305590	1302527	1302511	1301437
1305518	1302527	1302519	1301497
1305574	1302527	1302511	1301435
1305590	1302527	1302519	1301501
1305574	1301743	1301991	1301437
1305534	1302527	1302511	1301497
1305590	1302527	1302519	1298431
