#ofCHs	4
253950	253439	253439	249787
253878	253439	253695	249855
257014	253439	253439	252857
257014	253951	253439	252861
257014	253439	253943	249791
257014	253695	253439	252857
257014	253439	253127	249787
256942	253439	253439	249855
253950	253951	253943	249853
257006	253439	253687	252859
253878	253695	253687	249853
257014	253951	253439	252859
257014	253951	253439	252859
253878	253679	253943	249853
253950	253439	253431	249855
257014	253439	253439	252861
253878	253439	253127	249855
253950	253439	253439	249855
253950	253439	253439	249855
253950	253695	253439	252863
257014	253695	253439	252927
253878	253439	253127	249787
257014	253695	253695	252857
257006	253439	253439	249853
257014	253695	253695	249787
253950	253439	253439	249787
257014	253695	253695	249855
253878	253439	253439	252859
253878	253439	253439	252861
253950	253439	253439	249855
257014	253695	253695	249855
253878	253439	253439	252863
253878	253439	253127	249787
257014	253951	253439	252859
257014	253951	253439	252861
257014	253439	253439	249855
256942	253439	253695	249855
257014	253951	253439	252861
257014	253935	253439	252927
257014	253439	253439	249791
253878	253951	253439	249855
257006	253439	253439	249853
257014	253951	253439	249855
253950	253695	253943	249853
253950	253439	253943	249855
257006	253439	253687	252859
257014	253439	253439	249787
257014	253951	253439	249787
257014	253951	253439	252857
253950	253679	253439	252927
253878	253439	253695	249855
253950	253695	253439	252861
253878	253439	253943	249855
253878	253439	253439	252859
253950	253695	253687	252857
257006	253439	253439	252859
257014	253439	253439	252857
257014	253951	253439	252859
257014	253695	253439	249855
257014	253951	253695	249855
253878	253439	253439	252857
257014	253951	253439	252859
257014	253951	253439	252861
257014	253695	253439	252861
257014	253439	253431	249855
253878	253439	253439	252859
257014	253695	253439	249855
257014	253951	253439	252861
257014	253951	253439	252861
253950	253391	253439	252859
257014	253695	253439	249787
257014	253439	253439	249855
257014	253695	253439	249855
257014	253439	253439	249855
253950	253951	253439	252857
253878	253439	253439	249855
253878	253695	253439	252859
257006	253439	253687	252861
257006	253439	253439	252859
253878	253439	253439	249853
257014	253951	253439	252859
257014	253695	253679	249855
257014	253695	253439	252859
257014	253439	253439	249791
257014	253439	253439	252861
257014	253439	253439	249855
257014	253439	253439	252859
257014	253951	253439	252927
257014	253439	253439	249855
257014	253439	253439	249855
257014	253695	253439	252861
257014	253951	253439	252861
253950	253439	253439	252859
257014	253695	253439	249855
257014	253439	253439	249787
257014	253439	253439	249855
253878	253695	253439	252859
257014	253951	253439	249855
257014	253439	253439	249787
253878	253695	253687	252857
257006	253695	253687	252859
257006	253439	253183	252859
257014	253439	253439	252861
257014	253439	253439	249855
257014	253439	253431	252861
253878	253439	253439	249855
253878	253951	253439	252861
257014	253951	253439	252861
257014	253695	253439	252861
257014	253695	253439	252861
257014	253439	253431	249855
253950	253439	253439	252859
257014	253439	253439	249787
257014	253695	253439	252861
257014	253951	253439	252857
253878	253695	253439	252859
257014	253679	253439	249791
253878	253439	253439	252861
253878	253439	253439	252861
253878	253439	253439	252861
257014	253951	253439	249787
253878	253439	253439	249855
253878	253135	253687	249853
257006	253439	253439	252859
257006	253695	253183	252859
257014	253439	253439	252857
257014	253439	253439	252859
253950	253439	253431	249855
257014	253951	253695	249855
253878	253439	253439	252857
257014	253951	253431	252857
257014	253439	253439	249855
253878	253439	253439	252859
257014	253439	253935	249787
253878	253439	253439	252861
257014	253439	253439	249855
257014	253951	253439	252857
257014	253439	253935	249855
257014	253695	253439	252859
253878	253439	253127	252857
257014	253951	253439	252859
257014	253951	253439	252861
253878	253439	253127	249855
253878	253695	253695	252857
257014	253439	253935	249855
253878	253439	253439	252861
253878	253439	253431	252861
257014	253951	253439	249855
257014	253951	253439	252927
257014	253439	253439	249855
257014	253951	253431	252861
253950	253695	253439	252859
253878	253695	253439	252861
253878	253439	253695	249855
257014	253439	253439	249787
253950	253439	253943	249853
257006	253951	253439	252859
253950	253951	253943	252859
253950	253439	253943	249853
257014	253951	253439	252859
253878	253439	253439	249855
257014	253439	253439	252861
257014	253439	253431	249855
253878	253695	253439	252861
253878	253439	253127	249791
257014	253951	253431	252861
257014	253695	253679	249855
257014	253951	253439	252859
253878	253439	253439	249787
257014	253439	253439	252859
257014	253439	253431	249787
253950	253439	253439	252861
257014	253695	253431	252861
257014	253695	253439	252859
253950	253439	253439	252861
253878	253439	253439	252857
253950	253439	253439	252857
257014	253439	253695	249855
257014	253439	253439	249855
253878	253439	253439	252861
253878	253439	253439	252857
253950	253439	253439	249855
257014	253951	253439	252859
257014	253695	253935	249787
253950	253695	253679	249853
257006	253951	253439	252861
253950	253439	253439	249787
257014	253439	253127	249855
257014	253439	253431	249855
257014	253951	253943	252857
257014	253439	253431	252861
253878	253439	253439	249855
253878	253951	253439	252861
253950	253951	253439	252859
257006	253439	253439	249853
257014	253951	253431	252861
257014	253439	253439	249855
253878	253439	253439	249855
257014	253439	253439	252861
257014	253695	253679	252857
253878	253951	253439	252859
257014	253951	253439	249855
257014	253439	253695	249855
253950	253439	253439	249853
253878	253439	253439	249787
253878	253439	253431	252861
257014	253439	253439	252857
253878	253439	253439	252857
257014	253439	253431	249855
253878	253951	253431	249855
257014	253439	253439	249855
253878	253439	253439	252859
257014	253439	253183	249855
253950	253951	253439	252861
253950	253439	253943	249853
253950	253951	253687	252857
257006	253439	253183	252857
257014	253439	253439	252859
257014	253951	253183	252859
257014	253951	253679	249855
253950	253391	253439	249787
257014	253951	253431	252927
253950	253439	253431	252861
257014	253439	253439	252861
253950	253439	253439	249855
257014	253951	253431	252857
257014	253439	253679	249855
253878	253951	253439	252857
257014	253439	253439	252859
253950	253695	253431	252861
257014	253439	253127	249855
257014	253951	253431	252861
257014	253439	253439	249855
257014	253439	253439	249855
253878	253439	253439	252861
257014	253439	253431	249855
257014	253391	253439	249787
253950	253951	253439	252859
257006	253439	253183	249853
257006	253439	253439	252859
253878	253439	253439	249853
257014	253951	253439	252859
253950	253439	253431	249855
253950	253439	253439	249855
253878	253695	253679	252857
257014	253695	253439	252859
257014	253951	253679	252857
257014	253695	253439	252861
257014	253439	253431	249855
253878	253439	253439	252859
257014	253951	253439	249787
257014	253695	253431	252861
257014	253439	253439	249855
257014	253439	253439	249855
257014	253695	253935	252857
253950	253439	253439	252861
257014	253951	253439	252857
257014	253951	253439	249787
253950	253951	253431	252861
257014	253439	253439	249787
253950	253695	253431	249853
257006	253439	253439	252861
253950	253951	253679	249853
257014	253439	253687	249853
257014	253951	253943	249855
253878	253439	253431	252861
257014	253439	253127	249787
257014	253695	253679	252857
257014	253695	253695	249855
257014	253951	253431	252857
257014	253439	253439	249855
253950	253439	253431	252861
253878	253439	253431	252857
257014	253439	253695	249855
257014	253951	253439	252859
257014	253439	253431	252857
257014	253439	253439	249855
257014	253695	253431	252857
257014	253695	253439	252861
257014	253695	253695	252861
253950	253951	253439	252861
257014	253439	253431	249855
257014	253439	253439	249787
253878	253439	253687	249853
253878	253951	253183	252859
257006	253951	253183	252859
253878	253135	253127	249853
257014	253951	253695	249855
253878	253695	253431	252861
253878	253439	253439	249855
257014	253695	253423	252861
257014	253951	253695	249855
257014	253695	253679	252857
257014	253439	253431	249855
257014	253951	253431	252861
257014	253695	253439	252861
253950	253439	253431	249855
257014	253439	253935	249855
253878	253439	253439	252857
253950	253439	253439	252859
257014	253439	253431	249855
257014	253439	253439	252857
257014	253439	253439	252857
257014	253439	253695	249787
257014	253695	253935	249855
253878	253951	253439	252861
253878	253439	253439	252859
253950	253439	253943	249853
253950	253439	253679	249853
257014	253695	253439	252859
257014	253951	253431	252861
257014	253439	253439	252861
257014	253695	253439	252859
257014	253951	253431	252857
257014	253439	253431	252861
257014	253951	253439	252857
253950	253439	253439	249855
257014	253439	253431	252861
257014	253439	253431	249855
257014	253439	253431	249855
253950	253439	253439	252859
257014	253695	253431	252861
253950	253439	253439	252861
257014	253439	253679	249855
257014	253439	253439	249855
257014	253695	253679	249855
253878	253439	253439	249855
257014	253439	253935	249855
257014	253439	253695	249855
253878	253439	253687	249853
253878	253695	253183	252859
257006	253439	253183	252859
257014	253951	253439	252857
257014	253695	253695	249855
253950	253439	253431	249855
253878	253439	253439	252857
257014	253951	253431	252861
253878	253439	253431	252861
253950	253439	253431	249855
253950	253439	253439	249855
257014	253439	253423	252861
253950	253439	253439	252859
257014	253695	253439	249787
257014	253439	253439	249855
257014	253439	253679	249855
253878	253391	253439	249855
257014	253951	253431	249855
257014	253439	253431	249855
257014	253439	253431	249855
253878	253439	253439	249787
257014	253695	253679	252857
257014	253439	253439	252857
253878	253695	253439	252857
253950	253439	253687	249853
253950	253951	253679	252859
253878	253439	253439	249853
257014	253439	253439	252859
256942	253439	253439	252857
253878	253695	253695	249787
253878	253439	253431	252857
257014	253439	253431	252861
253950	253439	253439	249855
257014	253695	253439	249855
257014	253695	253679	252857
257014	253951	253943	249855
253950	253439	253439	252857
257014	253439	253439	249855
257014	253439	253431	252857
257014	253951	253439	252861
257014	253439	253439	249855
253950	253439	253439	252859
257014	253439	253439	249855
257014	253695	253439	252857
257014	253695	253431	252857
253878	253439	253439	249787
257014	253439	253439	252857
257006	253439	253439	252859
257006	253439	253183	252859
253950	253951	253439	252861
253950	253439	253943	249853
257014	253439	253431	249855
257014	253439	253439	252857
257014	253695	253439	252861
257014	253439	253439	252859
257014	253439	253431	249855
256942	253439	253439	252857
253878	253439	253431	252861
257014	253439	253439	252859
257014	253439	253943	249787
257014	253439	253439	249855
257014	253951	253431	249855
253878	253439	253439	249855
253950	253439	253439	252861
253878	253135	253127	249855
257014	253695	253439	252861
257014	253695	253695	249855
253950	253439	253431	252861
257014	253439	253695	249855
253878	253439	253439	252859
257014	253439	253431	249855
257014	253695	253943	249855
253950	253439	253431	252861
257014	253439	253439	249855
257014	253439	253679	249855
253878	253951	253439	252861
257014	253951	253439	252857
257014	253695	253695	249787
257014	253439	253431	252857
257014	253439	253439	249787
253950	253695	253183	252859
253950	253439	253943	249853
257006	253951	253183	252859
253878	253439	253439	249853
257014	253951	253439	252861
257014	253951	253439	252857
257014	253695	253439	252859
253950	253439	253423	249855
257014	253439	253439	252861
257014	253439	253679	249855
253878	253439	253439	252861
257014	253439	253183	249855
257014	253951	253439	252861
253878	253439	253439	249855
253950	253439	253439	252861
257014	253695	253679	249855
253878	253439	253439	252861
257014	253439	253439	249855
253878	253439	253439	252859
257014	253439	253431	249855
253878	253951	253439	252861
253878	253951	253431	252857
253950	253695	253439	252859
257006	253439	253687	249853
253950	253439	253183	249853
253878	253439	253183	249853
257014	253439	253439	252861
257014	253439	253439	252859
257014	253439	253431	252857
257014	253695	253439	252861
257014	253695	253431	252861
257014	253695	253943	249787
257014	253439	253439	252861
257014	253695	253439	252861
256942	253695	253431	252857
257014	253695	253943	249787
253878	253439	253127	249855
257014	253951	253431	252861
253878	253439	253431	252861
253878	253439	253127	249855
257014	253951	253431	252857
253878	253439	253439	252861
253878	253439	253439	252861
257014	253695	253695	249855
257014	253439	253431	252857
257014	253439	253439	252857
253878	253439	253183	249853
253950	253695	253943	249853
257006	253439	253183	252859
257014	253439	253439	252859
257014	253439	253431	252861
257014	253439	253431	249855
253878	253439	253439	249787
257014	253951	253423	252861
253950	253439	253439	252861
253950	253439	253439	249855
257014	253439	253439	249787
256942	253439	253431	252857
253878	253439	253439	252857
253878	253951	253439	252857
257014	253439	253943	249787
257014	253439	253431	252857
257014	253135	253439	249855
257014	253439	253423	252861
253878	253439	253943	249787
257014	253439	253431	249855
257014	253439	253431	249855
257014	253439	253431	252857
253878	253695	253439	252859
257006	253439	253183	252857
253950	253439	253431	249853
253950	253439	253183	249853
257014	253951	253439	252861
257014	253439	253439	252861
253878	253439	253431	252861
253878	253439	253183	249855
257014	253951	253423	252861
257014	253695	253695	249855
253878	253439	253439	252857
257014	253695	253439	252861
257014	253439	253431	249855
257014	253951	253439	249855
253878	253439	253439	252861
257014	253439	253439	249855
257014	253439	253431	252857
257014	253439	253127	249855
253950	253439	253423	252861
257014	253695	253431	252861
257014	253439	253431	252857
257014	253439	253439	249787
257014	253439	253431	252861
253878	253951	253439	252861
257006	253439	253183	249853
253950	253439	253183	249853
253950	253439	253679	249853
253878	253951	253439	252859
253878	253439	253439	249855
253878	253439	253439	252861
257014	253439	253439	249855
257014	253951	253431	252861
257014	253695	253439	249855
257014	253695	253431	252861
257014	253439	253439	249787
253950	253439	253431	252861
257014	253695	253695	249855
253878	253439	253431	252861
253878	253439	253439	252859
253878	253951	253431	252861
257014	253135	253127	249855
253950	253439	253423	252861
257014	253695	253439	249855
253878	253439	253439	252861
257014	253439	253183	249855
257014	253439	253439	249855
257014	253695	253695	249855
257006	253439	253183	252859
253950	253951	253183	252859
257006	253439	253183	252859
257014	253695	253687	249853
257014	253951	253439	252859
257014	253951	253431	252861
253950	253439	253439	249855
257014	253695	253431	252857
253950	253695	253439	252859
257014	253951	253439	252861
257014	253439	253439	252857
257014	253695	253679	252857
253878	253439	253439	249853
253950	253439	253679	249853
257006	253439	253183	252859
257014	253695	253183	252859
257014	253439	253439	252861
253878	253439	253439	249787
256942	253439	253439	252857
257014	253695	253439	252861
253950	253439	253439	252857
257014	253951	253439	252857
257014	253439	253431	249855
257014	253439	253439	249855
257014	253695	253679	249855
253878	253439	253439	252861
257014	253439	253431	249855
257014	253951	253431	252861
257014	253439	253935	252857
253878	253951	253439	252861
257014	253439	253431	249855
253950	253439	253439	252861
257014	253951	253431	252857
257014	253439	253439	249855
257014	253695	253431	252857
253950	253695	253943	249853
257006	253695	253175	252857
257006	253439	253439	252859
257014	253439	253183	252859
253950	253439	253439	249855
257014	253951	253943	249855
253878	253439	253439	249855
257014	253951	253439	252861
253950	253439	253431	252857
257014	253951	253439	249855
257014	253439	253431	249855
257014	253951	253695	252857
257014	253695	253679	249855
253878	253439	253439	252861
257014	253695	253935	249855
253950	253439	253439	252861
257014	253695	253431	252857
253950	253439	253431	252861
253878	253439	253679	249855
253950	253695	253439	252859
253950	253439	253431	252861
253878	253951	253439	252857
257014	253695	253439	252857
253950	253439	253439	249853
253878	253951	253183	252859
257006	253439	253439	252859
257014	253695	253439	252859
257014	253951	253439	252861
257014	253951	253439	252859
256942	253439	253431	252857
256942	253695	253679	252861
253878	253439	253439	249855
257014	253695	253439	252859
257014	253439	253431	249855
257014	253951	253695	252857
253878	253439	253695	252857
253950	253439	253439	249855
253878	253695	253679	249855
253878	253951	253695	252861
256942	253951	253431	252857
253950	253439	253439	252861
257014	253439	253679	249855
253878	253951	253439	252857
257014	253439	253431	249855
257014	253439	253439	249855
257014	253439	253695	249855
253878	253439	253687	249853
253950	253439	253943	249853
257006	253951	253439	252861
257014	253695	253687	249853
257014	253439	253431	252861
257014	253439	253439	249855
256942	253439	253431	252857
253878	253439	253439	249855
253950	253439	253439	252857
257014	253439	253439	249855
253878	253439	253439	249855
257014	253951	253439	249855
257014	253695	253679	249855
253878	253439	253439	252861
257014	253439	253439	249855
257014	253439	253439	249787
253878	253439	253431	252857
257014	253695	253679	252857
257014	253695	253431	252861
253878	253951	253439	252859
257014	253439	253431	249855
257014	253439	253431	249855
257014	253439	253695	249855
253950	253439	253439	252861
257006	253439	249855	252859
253878	253695	253439	252859
256942	253695	253431	249853
257014	253951	253943	249855
253950	253439	253439	249855
253878	253439	253431	252857
257014	253695	253679	252857
257014	253439	253439	252861
257014	253391	253439	249787
253950	253439	253431	249855
257014	253439	253439	249855
257014	253695	253431	252861
257014	253695	253439	249855
253878	253439	253943	249853
257014	253951	253943	249855
257014	253951	253439	252859
257014	253695	253151	249855
257014	253439	253431	249855
253950	253951	253439	252857
257014	253439	253431	249855
257014	253439	253431	252861
257014	253439	253183	249855
257006	253695	253175	252859
257014	253951	253151	252857
253950	253439	253439	249855
257014	253439	253439	252861
257014	253951	253431	252861
257014	253439	253439	249855
253950	253951	253439	252859
257006	253439	253183	249853
257014	253135	253127	249855
257014	253951	253423	252857
253950	253951	253679	252859
257014	253439	253431	252861
253878	253439	253439	249855
257014	253439	253439	249855
253950	253951	253431	252857
257014	253695	253935	249855
257014	253439	253431	252861
257014	253439	253439	249787
257006	253439	253183	249853
257014	253695	253183	252857
253950	253439	253431	249855
253950	253439	253431	249855
253934	253439	253439	252861
257014	253439	253439	249855
257014	253439	253431	252857
257014	253951	253431	249855
253950	253951	253183	252857
253950	253951	253679	249853
257006	253439	253183	252859
257014	253439	253183	252857
257014	253439	253431	249855
257014	253951	253695	249855
253878	253439	253439	249787
257014	253951	253423	252861
257014	253439	253439	249855
253878	253695	253695	249855
257014	253439	253439	249855
257014	253439	253431	249855
257014	253951	253943	249855
257014	253695	253431	252861
257014	253439	253439	249855
253878	253439	253431	252861
257014	253439	253439	249855
253950	253439	253439	252861
257014	253439	253127	249787
257014	253439	253679	249855
257014	253439	253695	249855
253878	253439	253431	252861
257014	253439	253439	252859
253878	253439	253183	252857
253878	253951	253439	252859
253950	253695	253943	249853
257014	253439	253687	249853
257014	253951	253695	252861
257014	253439	253439	252861
253878	253439	253439	252857
257014	253951	253679	252861
257014	253439	253695	249855
257014	253951	253431	252861
257014	253439	253695	249855
257014	253951	253439	252861
257014	253439	253439	249787
257014	253695	253431	252861
257014	253439	253431	252861
253878	253439	253439	252861
253878	253695	253439	252861
253950	253439	253431	252861
253878	253951	253431	252857
253950	253695	253431	252861
253950	253439	253439	252861
257014	253439	253935	249855
253950	253951	253439	252857
253878	253439	253183	249853
253950	253439	253943	249853
253878	253439	253183	252859
253950	253439	253183	249853
253950	253439	253431	249855
257014	253695	253439	252861
253950	253439	253439	249855
257014	253951	253671	249855
256942	253439	253439	252857
257014	253951	253439	249855
257014	253439	253439	249855
257014	253951	253431	252857
257014	253951	253679	249855
257014	253439	253431	249855
257014	253439	253439	249787
253878	253439	253431	252861
257014	253439	253679	249855
257014	253951	253423	252861
257014	253951	253439	252857
257014	253439	253431	252861
257014	253439	253439	249855
253950	253951	253431	252861
253950	253951	253439	252859
253878	253439	253183	252857
253950	253439	253175	249853
253878	253439	253183	252859
253878	253135	253439	249853
257014	253439	253439	252861
257014	253439	253431	252861
253878	253695	253695	252857
257014	253695	253935	249855
256942	253439	253439	249855
253878	253439	253431	252857
256942	253439	253439	249855
257014	253695	253943	249855
257014	253695	253943	249855
253878	253439	253431	252861
253950	253439	253431	252857
253878	253439	253431	252861
253950	253439	253439	252857
253950	253439	253423	252861
257014	253951	253439	252857
253950	253695	253431	252861
257014	253439	253439	249855
257014	253951	253431	252861
257014	253439	253439	252861
253950	253951	253183	252857
257006	253439	253439	252857
253878	253439	253183	252859
256942	253439	253127	249853
257014	253439	253431	252861
257014	253439	253127	249855
257014	253695	253439	252861
253950	253439	253431	252857
253950	253439	253439	252861
257014	253695	253679	252857
253878	253439	253439	252859
253878	253439	253439	249855
253878	253439	253439	252861
257014	253951	253431	252857
253878	253439	253439	252861
257014	253439	253679	249855
253950	253439	253439	252861
257014	253439	253183	249855
257014	253439	253439	249787
257014	253951	253431	252861
253950	253439	253439	252861
257014	253439	253439	249855
257014	253439	253439	249855
253950	253439	253679	249853
257006	253439	253183	252859
253950	253439	253943	249853
256942	253439	253439	252857
257014	253695	253679	252857
256942	253439	253431	249855
253878	253439	253439	249855
257014	253439	253431	252861
257014	253439	253439	249855
253950	253439	253431	249855
257014	253439	253431	249855
253950	253439	253439	252861
253878	253439	253431	252861
253878	253439	253127	252857
257014	253695	253679	252857
257014	253439	253439	249855
257014	253439	253439	249787
253878	253439	253431	252857
257014	253951	253439	252861
253878	253439	253431	252861
253878	253695	253943	249787
253878	253439	253431	252861
253950	253951	253431	252861
257006	253439	253183	252857
253950	253695	253943	252857
257006	253439	253183	252857
253878	253439	253943	249853
256942	253439	253679	252859
253950	253439	253439	249855
257014	253439	253439	252859
257014	253951	253935	249855
253878	253439	253439	249855
257014	253439	253439	249855
253878	253439	253439	252859
257014	253695	253423	252861
253950	253439	253431	252861
253878	253439	253431	249855
253950	253439	253431	252861
257014	253951	253431	252861
253950	253439	253439	252861
257014	253439	253679	249855
257014	253439	253439	249787
257014	253951	253431	249855
257014	253439	253431	249855
257014	253695	253679	252857
257014	253439	253439	252859
257014	253439	253431	249853
253950	253439	253679	249853
253950	253695	253943	249853
257014	253439	253439	252857
257014	253695	253183	252859
256942	253439	253431	252857
253878	253695	253679	249855
253878	253439	253431	252857
257014	253951	253439	252861
257014	253439	253431	249855
257014	253695	253439	252861
257014	253951	253431	252857
257014	253951	253943	249787
253878	253439	253431	249855
256942	253439	253439	249855
257014	253439	253439	249855
257014	253951	253439	249855
257014	253439	253431	249855
253950	253439	253439	252861
257014	253439	253431	249855
253878	253439	253439	249855
257014	253695	253423	252857
253950	253695	253431	252861
257014	253439	253439	249855
253950	253695	253439	252859
253950	253951	253679	252859
257014	253951	253439	252859
257014	253695	253431	249853
257014	253951	253439	252861
253950	253695	253695	249787
257014	253695	253431	252861
257014	253439	253439	249855
253878	253439	253439	252857
256942	253695	253439	252857
257014	253439	253423	252861
257014	253439	253439	249855
253878	253439	253431	252861
257006	253439	253431	252857
253878	253439	253679	249853
256942	253439	253383	252857
257014	253439	253439	252861
253878	253439	253439	252859
257014	253439	253431	249855
253950	253439	253439	249855
257014	253951	253431	249787
253878	253695	253695	249855
257014	253439	253679	249855
257014	253951	253431	252861
253950	253439	253431	249855
257014	253695	253431	252861
257014	253439	253439	252857
253934	253951	253439	252857
257014	253439	253439	249855
253878	253439	253431	249855
256942	253439	253439	252857
257014	253695	253423	252861
253950	253439	253439	252859
257014	253439	253439	249855
256942	253439	253431	249855
257014	253439	253431	249855
257014	253439	253439	249855
257014	253135	253695	249855
257014	253439	253439	249855
257014	253439	253679	249855
257014	253439	253127	252857
253950	253439	253423	252861
257014	253439	253431	252857
253950	253951	253439	249785
253950	253439	253687	249853
253878	253695	253183	252859
257006	253439	253687	249853
253934	253439	253183	252859
257014	253695	253439	252861
257014	253439	253439	249787
257014	253439	253679	249855
257014	253951	253439	252861
253950	253439	253431	249855
257014	253439	253439	249787
257014	253695	253671	252857
257014	253695	253439	252861
253878	253439	253431	252861
253878	253951	253439	249855
257014	253695	253935	249855
253878	253439	253439	252861
257014	253439	253439	249855
253950	253951	253439	252857
257014	253439	253431	249855
253878	253439	253431	252857
257014	253695	253679	252857
257014	253439	253439	249855
253878	253951	253431	252857
253878	253695	253183	252859
257006	253439	253687	249853
257006	253439	253439	252861
257014	253695	253679	249853
257014	253951	253423	252861
253950	253439	253439	249855
256942	253439	253431	252857
257014	253439	253439	249855
253878	253439	253439	252861
257014	253951	253439	252857
257014	253951	253423	252857
257014	253439	253439	249855
257014	253439	253431	252861
253878	253951	253431	252857
256942	253439	253439	249855
257014	253695	253439	252859
253878	253439	253431	249855
253878	253439	253431	252861
256942	253695	253431	252861
253950	253439	253431	249855
257014	253439	253439	252861
257014	253951	253431	252861
257014	253695	253935	249855
257014	253439	253943	249855
257014	253951	253439	252859
257014	253439	253431	249855
253950	253439	253431	252861
253950	253439	253431	252861
253878	253695	253439	252861
257014	253439	253423	249855
253950	253695	253439	252861
257014	253439	253439	249855
253950	253951	253439	252859
257014	253695	253431	249855
253878	253695	253439	252857
253934	253439	249855	249853
257006	253439	253439	252859
253878	253439	253431	249853
253878	253439	253183	252859
256942	253951	253439	252861
256942	253695	253383	252861
253878	253439	253127	249855
257014	253439	253423	252861
257014	253439	253127	249855
257014	253695	253431	252861
257014	253439	253439	249787
253878	253439	253423	252861
257014	253695	253679	252857
253878	253439	253439	252861
253950	253439	253439	252859
257014	253695	253431	252861
257014	253135	253183	249855
257014	253695	253671	252857
253878	253439	253439	249787
253878	253439	253439	252861
253950	253951	253431	252861
257014	253439	253439	252857
257014	253695	253695	249855
257006	253439	253183	252859
253950	253951	253439	252859
257006	253439	253183	252859
257014	253695	253943	249853
253950	253439	253439	249855
257014	253439	253431	249855
253878	253439	253127	249855
256942	253695	253679	252861
253878	253439	253439	249855
257014	253951	253431	249855
253950	253439	253439	252861
253878	253439	253439	252861
253878	253439	253439	249855
