#ofCHs	8
0	0	0	93974525	16564222	0	0	0
0	0	0	25468765	0	0	0	0
16134007	0	0	0	0	0	0	0
128564639	0	0	0	17772470	0	0	0
21314975	0	0	0	0	0	0	0
15166943	0	0	0	0	0	0	0
822751	0	0	0	0	0	0	0
11529495	0	0	0	0	0	0	0
13471199	116055038	0	0	0	0	0	0
23801815	0	0	0	121854	0	0	0
155415	0	0	0	0	0	0	0
0	0	0	0	5767142	0	0	0
0	0	0	0	0	4115663	0	0
10096599	12905470	0	0	0	0	0	0
163095	0	0	0	0	0	0	0
237495	0	0	0	0	0	0	0
0	12774270	0	0	0	0	0	0
89152991	0	0	0	11730918	0	0	0
171839	0	0	0	0	0	0	0
0	105342	0	0	0	0	0	0
0	0	0	0	118766	0	0	0
0	80764	0	0	0	0	0	0
4919095	0	0	0	0	0	0	0
26070999	0	0	103026557	0	0	0	0
351647	0	0	0	0	0	0	0
228671	0	0	0	0	0	0	0
0	125948	0	0	0	0	0	0
0	0	0	0	134054	0	0	0
175455	0	0	38195167	99643318	0	0	0
180151	0	0	0	0	0	0	0
9231775	0	0	0	0	0	0	0
0	0	0	3144575	0	0	0	0
22187991	0	0	107752447	0	0	0	0
0	106364	0	0	0	0	0	0
0	252798	0	0	0	0	0	0
12898167	0	0	0	0	0	0	0
0	0	0	0	261110	0	0	0
0	0	0	23465853	0	0	0	0
0	0	0	0	6114214	0	0	0
8678815	0	0	0	0	0	0	0
4620055	0	0	0	0	0	0	0
0	0	0	360317	0	0	0	0
18058719	0	0	0	65146878	0	0	0
107769719	147454	0	10165215	98222	0	0	0
241535	0	0	0	0	0	0	0
0	179198	0	0	113553342	0	0	0
0	0	0	0	228286	0	0	0
86577111	0	0	0	110510	0	0	0
94079	0	0	0	0	0	0	0
0	0	0	0	244662	0	0	0
0	0	0	0	0	5041391	0	0
0	0	0	0	417790	0	0	0
0	130046	0	0	0	0	0	0
0	0	0	0	1485742	0	0	0
0	0	0	9867261	0	0	0	0
7368663	0	0	0	0	0	0	0
0	0	0	0	134118	0	0	0
113983	82042878	0	0	0	0	0	0
0	0	0	0	23575534	0	0	0
523679	0	0	0	0	0	0	0
495415	0	0	0	0	0	0	0
118103	0	0	0	0	0	0	0
0	14323580	0	42315773	0	0	0	0
134423	0	0	0	24337398	0	0	0
0	134142	0	0	86731686	0	0	0
0	142206	0	0	0	0	0	0
104246783	0	0	0	396262	0	0	0
0	8712062	0	0	0	0	0	0
47459679	88755068	0	0	318446	0	0	0
25993023	81862524	0	88604509	0	0	0	0
0	0	0	0	114606	0	0	0
130839	0	0	0	0	0	0	0
0	0	0	0	192494	0	0	0
0	286718	0	0	0	0	0	0
0	285692	0	0	0	0	0	0
0	0	0	470013	0	0	0	0
0	0	0	1937247	0	0	0	0
14380543	1948670	0	0	0	0	0	0
106423	0	0	0	0	0	0	0
0	0	0	576351	0	0	0	0
0	0	0	0	10247142	0	0	0
0	0	0	8452959	0	0	0	0
0	212988	0	0	0	0	0	0
0	0	0	0	184302	0	0	0
21085599	0	0	0	0	0	0	0
69414775	0	0	0	9698230	0	0	0
0	0	0	0	18567078	0	0	0
0	0	0	19463005	0	0	0	0
0	175100	0	0	0	0	0	0
139063	0	0	0	0	0	0	0
0	166908	0	0	0	0	0	0
0	0	0	0	12435374	0	0	0
0	0	0	31694813	125926	0	0	0
0	0	0	14723935	52788150	0	0	0
0	117628	0	34840543	0	0	0	0
0	965630	0	57613279	0	0	0	0
0	113662	0	65752063	42699710	0	0	0
0	24977406	0	0	13774758	0	0	54271935
183711	0	0	0	0	0	0	0
10817399	16329596	0	0	0	0	0	0
0	0	0	0	196582	0	0	0
12451135	67215230	0	0	0	0	0	0
0	990204	0	0	0	0	0	0
16125279	0	0	0	0	0	0	0
0	0	0	0	0	0	0	12516281
154943	0	0	0	0	0	0	0
0	0	0	20270941	0	0	0	0
0	0	0	0	0	0	0	1354745
12828471	0	0	0	0	0	0	0
0	0	0	0	0	261583	0	0
0	200572	0	0	0	0	0	0
232791	0	0	0	0	0	0	0
23862687	0	0	0	0	0	0	0
19103511	0	0	0	0	0	0	0
0	409598	0	0	0	0	0	0
0	134014	0	0	0	0	0	0
2514335	0	0	0	0	0	0	0
1510911	0	0	0	0	0	0	0
339423	0	0	0	0	0	0	0
74743199	0	0	0	208822	0	0	0
0	174972	0	0	0	0	0	0
16272703	0	0	0	0	0	0	0
15626199	0	0	0	0	0	0	0
0	297852	0	0	0	0	0	0
13835743	0	0	106233693	0	0	0	0
0	0	0	0	16949246	0	0	0
0	134142	0	0	0	0	0	0
0	101244	0	89275263	0	0	0	0
0	163708	0	0	0	0	0	0
97695	0	0	0	0	0	0	0
24178615	0	0	0	0	0	0	0
180151	0	0	0	0	0	0	0
0	0	0	0	138230	0	0	0
100376343	0	0	0	175022	0	0	0
114532279	0	0	125949	0	0	0	0
0	101372	0	0	0	0	0	0
82103775	139262	0	0	0	0	0	0
0	110462	0	0	0	0	0	0
0	18549630	0	0	0	0	0	0
0	8051582	0	0	0	0	0	0
20238199	0	0	0	0	0	0	0
0	0	0	86556639	0	0	0	5578681
20991487	82894718	0	0	0	0	0	0
0	122876	0	0	18665454	0	0	0
0	266110	0	0	0	0	0	0
0	0	0	0	253950	0	0	0
25968503	0	0	0	0	0	0	0
135127	0	0	0	14372774	0	0	0
47906623	0	0	0	154550	0	0	0
16735575	0	0	0	0	0	0	0
0	277500	0	0	0	0	0	0
11357463	0	0	0	0	0	0	0
0	6130556	0	0	0	0	0	0
0	225148	0	0	0	0	0	0
3136791	0	0	0	0	0	0	0
0	3477502	0	0	0	0	0	0
124546527	19045372	0	0	0	0	0	0
0	0	0	0	130998	0	0	0
21794135	0	0	0	143286	0	0	0
135031	0	0	0	0	0	0	0
0	0	0	17174525	0	0	0	0
6548991	0	0	0	0	0	0	0
0	0	0	0	0	90111	0	0
82812319	0	0	3603421	0	0	0	0
0	0	0	17940319	0	0	0	0
1597239	0	0	0	0	0	0	0
0	0	0	0	1347574	0	0	0
13577567	106065918	0	0	0	0	0	0
0	0	0	3346301	0	0	0	0
2092919	81612670	0	0	0	0	0	0
10243967	16916348	0	0	10185654	0	0	0
0	170876	0	0	0	0	0	0
0	379900	0	0	0	0	0	0
0	12435326	0	0	0	0	0	0
0	3919742	0	0	0	0	0	0
0	0	0	0	17387430	0	0	0
0	22179710	0	0	0	0	0	0
0	122878	0	0	0	0	0	0
56995327	0	0	0	118718	0	0	0
0	16817148	0	0	0	0	0	0
27398007	0	0	0	122878	0	0	0
0	0	0	20123519	0	0	0	0
0	0	0	10165245	0	0	0	0
0	0	0	0	15400886	0	0	0
0	130044	0	0	0	0	0	0
0	95722366	0	13606877	84164518	0	0	0
122359263	0	0	17824735	21945326	0	0	0
0	0	0	0	23309310	0	0	0
0	0	0	0	330726	0	0	0
470999	0	0	0	0	0	0	0
0	13582334	0	0	0	0	0	0
15671223	0	0	0	0	0	0	0
126463	0	0	0	0	0	0	0
15093215	0	0	0	0	0	0	0
0	126846	0	55767007	0	0	0	0
184191	106307582	0	0	0	0	0	0
1056695	48974716	0	0	0	0	0	0
77151	0	0	0	97300398	0	0	0
70102527	166782	0	0	0	0	0	0
179615	0	0	0	0	0	0	0
129768767	0	0	0	11902894	0	0	0
122175	13934588	0	0	0	0	0	0
16056247	0	0	1604479	0	0	0	0
212855	0	0	0	0	0	0	0
159071	0	0	0	0	0	0	0
0	0	0	1826655	0	0	0	0
0	0	0	6897533	0	0	0	0
270263	0	0	0	0	0	0	0
167735	0	0	0	0	0	0	0
237367	0	0	0	0	0	0	0
68779423	23317500	0	0	26165222	0	0	0
0	102571900	0	42802015	138214	0	0	0
0	5516156	0	0	0	0	0	0
25702327	0	0	73891711	0	0	0	84945913
0	0	0	9358303	0	0	0	0
0	0	0	17509245	0	0	0	0
183575	0	0	0	0	0	0	0
5299991	0	0	0	0	0	0	0
0	551804	0	12217213	0	0	0	0
229175	0	0	0	0	0	0	0
76672511	651132	0	0	0	0	0	0
151415	0	0	0	0	0	0	0
3866431	0	0	0	0	0	0	0
16387959	0	0	0	0	0	0	0
183639	0	0	68754301	0	0	0	0
0	0	0	86015	0	0	0	0
0	0	0	0	244718	0	0	0
8400383	0	0	13687647	0	0	0	0
13311767	0	0	0	0	0	0	0
1130423	0	0	0	0	0	0	0
39742815	4971516	0	0	0	0	0	0
0	0	0	0	723878	0	0	0
23027103	0	0	76943199	0	0	0	0
5594943	0	0	0	0	0	0	0
122271	0	0	0	0	0	0	0
6479263	0	0	0	0	0	0	0
51969975	16146430	0	0	0	0	0	0
21769631	0	0	0	0	0	0	0
0	0	0	0	2248686	0	0	0
6978975	0	0	0	0	0	0	0
0	0	0	6852445	0	0	0	0
118701847	0	0	20770781	0	0	0	0
23240663	0	0	0	0	0	0	0
24530807	0	0	0	0	0	0	16908219
2256151	0	0	0	0	0	0	0
15323063	0	0	0	0	0	0	0
63724959	0	0	25169917	0	0	0	0
0	109438	0	0	0	0	0	0
101855	0	0	0	0	0	0	0
0	0	0	11767645	0	0	0	0
0	0	0	11836255	0	0	0	0
0	0	0	0	0	0	0	14532543
16359287	124915582	0	0	0	0	0	0
7405375	0	0	0	0	0	0	0
15662591	124132348	0	2666461	0	0	0	0
11706295	0	0	0	0	0	0	0
61607263	0	0	1903453	0	0	0	0
147255	0	0	0	0	0	0	0
90123583	0	0	14359421	0	0	0	0
0	0	0	3706847	0	0	0	0
122271	0	0	0	0	0	0	0
150879	0	0	0	0	0	0	0
89407	0	0	0	0	0	0	0
96267607	0	0	13475807	0	0	0	0
11054591	0	0	0	0	0	0	0
138655	0	0	0	0	0	0	0
76914455	0	0	20348927	0	0	0	0
20708671	0	0	0	0	0	0	0
142615	0	0	0	0	0	0	0
245687	0	0	0	0	0	0	0
12840823	0	0	0	0	0	0	0
22548343	0	0	0	0	0	0	0
110079	0	0	0	0	0	0	0
23973207	0	0	0	0	0	0	0
9264639	0	0	0	0	0	0	0
9723711	0	0	0	0	0	0	0
3300671	0	0	0	0	0	0	0
73493783	0	0	0	8286134	0	0	0
0	0	0	22912861	0	0	0	0
5644087	0	0	124882909	0	0	0	0
12627927	0	0	0	0	0	0	0
17665303	0	0	0	81132462	0	0	0
0	0	0	14323679	0	0	0	0
228767	0	0	0	0	0	0	0
16657887	0	0	0	0	0	0	0
413183	0	0	0	0	0	0	0
142847	0	0	0	0	0	0	0
62229919	0	0	0	118782	0	0	0
21917183	0	0	4407165	0	0	0	0
0	0	0	17308671	0	0	0	0
12439039	0	0	0	0	0	0	0
12627831	0	0	0	0	0	0	0
212919	0	0	0	0	0	0	0
9367423	0	0	0	0	81399807	0	0
118647	0	0	57203679	0	0	0	0
171423	0	0	0	0	0	0	0
0	0	0	18599775	0	0	0	0
0	0	0	21946237	0	0	0	0
9928471	0	0	0	0	0	0	0
15134647	0	0	0	0	0	0	0
9789303	0	0	0	0	0	0	0
13106967	0	0	0	0	0	0	0
12381463	0	0	0	0	0	0	0
9592639	0	0	0	0	0	0	0
155447	0	0	0	0	0	0	0
2064151	0	0	0	0	0	0	0
22056215	0	0	0	0	0	0	0
85335	0	0	0	0	0	0	0
14675455	0	0	0	0	0	0	0
167807	0	0	0	0	0	0	0
5389631	0	0	0	0	0	0	0
8125919	0	0	0	0	0	0	0
122175	0	0	0	0	0	0	0
0	0	0	0	0	0	0	16789439
7724351	0	0	0	0	0	0	0
10161975	0	0	0	0	0	0	0
2993431	0	0	0	0	0	0	0
17534367	0	0	0	0	0	0	0
25005335	0	0	0	0	0	0	0
24379159	0	0	0	0	0	0	0
0	0	0	25054173	0	0	0	0
1449471	0	0	0	0	0	0	0
1126263	0	0	0	0	0	0	0
23113599	0	0	0	0	0	0	0
1376063	0	0	0	0	0	0	0
2027479	0	0	0	0	0	0	0
0	0	0	22065151	0	0	0	0
8015127	0	0	0	0	0	0	0
692087	0	0	0	0	0	0	0
470295	0	0	0	0	0	0	0
89431	0	0	0	0	0	0	0
15929303	0	0	0	0	0	0	0
24571159	0	0	0	0	0	0	0
105887	0	0	0	0	0	0	0
16715639	0	0	0	0	0	0	0
4693407	0	0	0	0	0	0	0
89503	0	0	0	0	0	0	0
18759543	0	0	123911167	0	0	0	0
0	0	0	0	3730422	0	0	0
8417239	0	0	0	0	0	0	0
122271	0	0	0	0	0	0	0
14933335	0	0	0	0	0	0	0
13815127	0	0	0	0	0	0	0
212287	0	0	0	0	0	0	0
22822839	0	0	0	0	0	0	0
20082551	0	0	0	0	0	0	0
12373879	0	0	0	0	0	0	0
24944031	0	0	0	0	0	0	0
0	0	0	10829821	0	0	0	0
0	0	0	14842749	0	0	0	0
15957271	0	0	54840157	0	0	0	0
11771711	0	0	0	0	0	0	0
17546655	0	0	0	0	0	0	0
114455	0	0	0	0	0	0	0
0	0	0	9149407	0	0	0	0
1347447	0	0	0	0	0	0	0
14528471	0	0	0	0	0	0	0
5815711	0	0	0	0	0	0	0
236959	0	0	0	0	0	0	0
25984415	0	0	0	0	0	0	0
105791	0	0	0	0	0	0	0
3083615	0	0	0	0	0	0	0
33947455	0	0	21810141	0	0	0	0
8929207	0	0	0	0	0	0	0
22278007	0	0	0	0	0	0	0
22940951	0	0	0	0	0	0	0
7421719	0	0	0	0	0	0	0
4935639	0	0	0	0	0	0	0
93599	0	0	0	0	0	0	0
126839	0	0	0	0	0	0	0
388375	0	0	0	0	0	0	0
10997567	0	0	0	0	0	0	0
139063	0	0	0	0	0	0	0
7516119	0	0	0	0	0	0	0
76324631	0	0	18861023	0	0	0	0
19095351	0	0	0	0	0	0	0
20746103	0	0	45707261	0	0	0	0
359839	0	0	0	0	0	0	0
24633111	0	0	0	0	0	0	0
135031	0	0	0	0	0	0	0
24563671	0	0	0	0	0	0	0
171287	0	0	0	0	0	0	0
151319	0	0	0	0	0	0	0
7561023	0	0	0	0	0	0	0
4550111	0	0	0	0	0	0	0
0	0	0	20299741	0	0	0	0
94167	0	0	0	0	0	0	0
306455	0	0	0	0	0	0	0
14688055	0	0	0	0	0	0	0
16080191	0	0	0	0	0	0	0
11308311	0	0	0	0	0	0	0
0	0	0	8489823	0	110939359	0	0
105887	0	0	73555807	0	0	0	0
8036151	0	0	0	0	0	0	0
25640727	0	0	0	0	0	0	0
12951479	0	0	0	0	0	0	0
4935007	0	0	86829951	0	0	0	0
11443615	0	0	0	0	0	0	0
9461687	0	0	0	0	0	0	0
142815	0	0	0	0	0	0	0
0	113986428	0	14765021	0	0	0	0
20402039	0	0	0	0	0	0	0
0	0	0	0	0	13082063	0	0
9224119	0	0	0	0	0	0	0
19791191	0	0	21704701	0	0	0	0
11145079	0	0	37351293	0	0	0	0
142615	0	0	0	0	0	0	0
0	0	0	2763647	0	0	0	0
8494911	0	0	0	0	0	0	0
23420791	0	0	0	0	0	0	0
8637919	0	0	0	0	0	0	0
17018367	0	0	0	0	0	0	0
12922839	0	0	0	0	0	0	0
0	0	0	11299709	0	0	0	0
23203703	0	0	0	0	0	0	0
11673367	0	0	0	0	0	0	0
14277951	0	0	0	0	0	0	0
8261495	0	0	0	0	0	0	0
3759519	0	0	0	0	0	0	0
241623	0	0	0	0	0	0	0
0	0	0	0	0	0	0	6955005
5857151	0	0	0	0	0	0	0
5213463	0	0	0	0	0	0	0
18849183	0	0	0	0	0	0	0
188287	0	0	87895037	0	0	0	0
0	4841340	0	0	0	0	0	0
15162783	0	0	0	0	0	0	0
22261687	0	0	0	0	0	0	0
5831999	0	0	0	0	0	0	0
0	0	0	22166525	0	0	0	0
1990519	0	0	0	0	0	0	0
12832223	0	0	0	0	0	0	0
51297599	0	0	0	0	0	0	20508671
0	0	0	0	0	0	0	6249407
3861783	0	0	0	0	0	0	0
18484503	0	0	0	0	0	0	0
14454743	0	0	0	0	0	0	0
1023295	0	0	0	0	0	0	0
486751	0	0	0	0	0	0	0
3350327	0	0	0	0	0	0	0
13487615	0	0	0	0	0	0	0
7225143	0	0	118796255	0	0	0	0
8556407	0	0	0	0	0	0	0
115465727	0	0	5889917	0	0	0	0
323447	0	0	54767485	0	0	0	0
10661375	0	0	0	0	0	0	69000123
14023999	0	0	0	0	0	0	0
129929087	0	0	4471679	0	0	0	0
25476415	0	0	0	0	0	0	0
0	987132	0	48778109	0	0	0	0
237527	0	0	0	0	0	0	0
167391	0	0	0	0	0	0	0
2276671	0	0	63916927	0	0	0	0
0	0	0	10223487	0	0	0	0
0	6516732	0	0	0	6516447	0	0
2989847	0	0	0	0	0	0	0
20172119	0	0	0	0	0	0	0
2633215	0	0	0	0	0	0	0
19873183	0	0	0	0	0	0	0
20406039	0	0	0	0	0	0	0
3939647	0	0	0	0	0	0	0
3616023	0	0	0	0	0	0	0
19520831	0	0	0	0	0	0	0
90681207	0	0	63761407	13573094	0	0	0
0	0	0	0	0	2940415	0	0
5758975	0	0	0	0	0	0	0
24358303	0	0	0	0	0	0	0
94322455	0	0	0	0	9485551	0	0
302999	0	0	0	0	0	0	0
359839	0	0	0	0	107307007	0	0
3825087	0	0	47205341	0	0	0	0
0	0	0	0	0	15388623	0	0
0	0	0	0	0	0	0	5885951
19275071	0	0	0	0	0	0	0
20627263	0	0	0	0	0	0	0
16698711	0	0	0	0	0	0	0
2981759	0	0	0	0	0	0	0
14015903	0	0	0	0	0	0	0
21012415	0	0	0	0	0	0	0
0	0	0	0	0	0	0	2027449
9936855	0	0	0	0	0	0	0
0	0	0	0	0	6565887	0	1817535
0	0	0	0	0	818639	0	0
45595927	0	0	0	1780726	0	0	0
118103	0	0	0	0	0	0	0
0	8661884	0	69557117	0	8667135	0	0
30547839	0	0	7158783	0	0	0	0
0	0	0	16632671	0	0	0	0
118743	0	0	0	0	0	0	0
11615583	0	0	0	0	0	0	0
0	0	0	0	0	6151647	0	0
0	0	0	13168639	0	0	0	0
17579511	0	0	0	0	0	0	0
5815711	0	0	28851197	0	0	0	0
212479	0	0	0	0	0	0	0
2158583	0	0	0	0	0	0	0
163647	0	0	0	0	101711311	0	0
4947263	0	0	0	0	0	0	0
8453943	0	0	0	0	0	0	0
0	0	0	17915871	0	0	0	0
270263	0	0	0	0	13475551	0	0
22314423	0	0	0	0	0	0	0
1232351	0	0	0	0	0	0	0
0	0	0	14045183	0	0	0	0
10084311	0	0	3886941	0	0	0	10120121
159511	0	0	0	0	0	0	0
5926719	0	0	0	0	0	0	0
3674039	0	0	0	0	0	0	0
20172607	0	0	102043615	0	0	0	0
116055831	0	0	0	0	22486479	0	0
85352215	0	0	0	0	130559	0	0
21794111	0	0	0	0	0	0	0
0	0	0	0	0	14793967	0	0
0	0	0	0	0	23133951	0	0
114079	0	0	0	0	0	0	0
15155007	0	0	0	0	0	0	0
8380223	0	0	0	0	0	0	0
47689559	0	0	0	0	8335087	0	0
3776311	0	0	0	0	0	0	0
25669591	0	0	0	0	0	0	0
0	0	0	24109021	0	0	0	0
130463	0	0	0	0	0	0	0
0	0	0	0	0	97791	0	0
20635511	0	0	0	0	0	0	0
23711127	0	0	0	0	0	0	0
298327	0	0	0	0	0	0	0
17083743	0	0	0	0	0	0	0
12033495	0	0	0	0	0	0	0
0	0	0	4951903	91930542	0	0	0
85282111	0	0	0	0	13741263	0	0
113983	0	0	61280095	0	0	0	0
4697367	0	0	0	0	0	0	0
7077279	0	0	0	0	0	0	0
167799	0	0	120926077	0	0	0	0
18038175	0	0	0	0	0	0	0
17775967	0	0	0	0	0	0	0
24391639	0	0	0	0	0	0	0
0	85147644	0	8231773	0	0	0	0
2567519	0	0	0	0	0	0	0
175991	0	0	0	0	0	0	0
0	0	0	22204253	0	0	0	0
0	0	0	0	0	0	0	2060283
9104895	0	0	0	0	0	0	0
1032151	0	0	0	0	0	0	0
102327	0	0	0	0	0	0	0
19873719	0	0	0	0	0	0	0
102359	0	0	0	0	0	0	0
274199	0	0	0	0	0	0	0
0	0	0	0	0	6270671	0	0
208151	0	0	0	0	0	0	0
4959711	0	0	0	0	0	0	0
21254007	0	0	0	0	0	0	0
101655	0	0	0	0	0	0	0
25804607	0	0	46067711	0	0	0	0
4119895	0	0	0	0	0	0	0
151415	0	0	0	0	0	0	0
20635455	0	0	0	0	0	0	0
17440575	0	0	0	0	0	0	0
0	0	0	0	0	0	0	7666621
0	0	0	0	4866022	0	0	0
150807	0	0	0	0	0	0	0
25227135	0	0	0	0	0	0	0
20323743	0	0	0	0	0	0	0
9567551	0	0	0	0	0	0	0
9535415	0	0	0	0	0	0	0
0	0	0	0	0	2317775	0	0
0	0	0	13881311	0	0	0	0
175519	0	0	0	0	0	0	0
11902231	0	0	0	0	0	0	0
12397911	0	0	0	0	0	0	0
19656191	0	0	0	0	0	0	0
241119	0	0	0	0	0	0	0
1384215	0	0	0	0	0	0	0
21331735	0	0	0	0	0	0	0
1514815	0	0	0	0	0	0	0
20361079	70286334	0	0	0	0	0	0
37821855	0	0	0	0	0	0	3166137
240919	0	0	0	0	0	0	0
0	0	0	94841725	0	425951	0	0
6143391	0	0	0	0	0	0	0
17739735	0	0	0	0	0	0	0
0	0	0	0	0	23724031	0	0
9342303	0	0	0	0	129805551	0	0
81247	0	0	0	0	0	0	0
114007	0	0	0	0	0	0	0
0	0	0	0	0	19283967	0	0
7831319	0	0	0	0	0	0	0
232863	0	0	0	0	0	0	0
99254135	0	0	0	0	1245183	0	0
0	0	0	51649373	0	2412239	0	0
0	0	0	7154685	0	0	0	0
4493079	0	0	0	0	0	0	0
69053951	0	0	0	93166	0	0	0
0	0	0	0	8108990	0	0	0
4312407	21416956	0	0	0	0	0	0
134463	0	0	9768799	0	0	0	0
3723263	0	0	0	0	0	0	0
4546015	0	0	0	0	0	0	0
4291935	0	0	0	0	0	0	0
13221343	0	0	0	0	0	0	0
7745023	0	0	0	0	0	0	0
0	22555646	0	0	0	0	0	0
0	0	0	6093823	0	0	0	0
16973215	0	0	0	0	0	0	0
11464663	0	0	0	0	0	0	0
0	10668926	0	0	0	0	0	0
105439167	0	0	0	4307902	0	0	0
113499455	0	0	0	0	16781055	0	0
86581207	9276284	0	0	0	0	0	0
3595743	0	0	0	0	0	0	0
0	2509822	0	0	0	2489583	0	0
1519039	0	0	0	0	0	0	0
64622431	0	0	8588127	0	0	0	0
25914711	0	0	0	0	0	0	0
0	0	0	7498749	0	4259327	0	0
21257495	0	0	118923103	0	0	0	0
3567607	0	0	0	0	0	0	0
0	3976060	0	0	0	0	0	0
0	0	0	5278559	0	0	0	0
109919	0	0	0	0	0	0	0
225079	0	0	0	0	0	0	0
126839	112103422	0	9427935	0	0	0	0
0	114684	0	34552829	0	0	0	0
5791135	12111870	0	0	40128486	0	0	0
2231711	0	0	0	0	0	0	0
0	0	0	0	618470	0	0	0
158999	0	0	0	0	0	0	0
5173175	0	0	0	0	0	0	0
9604991	0	0	0	0	0	0	0
0	0	0	0	0	16207087	0	0
122647	0	0	0	0	0	0	0
0	143358	0	124428125	0	0	0	0
0	0	0	109064061	0	130511	0	0
0	0	0	0	4722614	0	0	0
0	0	0	0	0	15957215	0	0
7622047	0	0	0	0	0	0	0
0	13962238	0	0	0	0	0	0
7438103	0	0	0	0	0	0	0
0	0	0	13581183	0	0	0	0
3399071	0	0	0	0	0	0	0
74386943	0	0	0	0	15654399	0	0
93446071	0	0	42172287	0	11558399	0	0
2575703	0	0	64106365	0	0	0	0
191831	0	0	0	0	0	0	0
0	0	0	54156285	0	0	0	16150459
0	0	0	0	0	24514527	0	0
25194303	0	0	0	0	0	0	0
0	94076	0	0	0	0	0	0
39529951	0	0	0	0	20593903	0	0
123850623	0	0	0	0	11771903	0	0
14212511	0	0	0	0	0	0	0
25075103	0	0	0	0	0	0	0
163607	0	0	67513213	0	0	0	0
1134455	0	0	0	0	0	0	0
171991	0	0	0	0	0	0	0
24657175	0	0	0	0	117682159	0	0
19980151	0	0	0	0	0	0	0
0	0	0	0	20811702	0	0	0
212791	0	0	0	0	0	0	0
0	0	0	0	0	21319135	0	0
5758935	0	0	0	0	0	0	0
21605727	0	0	0	0	0	0	0
21176087	0	0	0	0	0	0	0
76021527	0	0	18026333	0	0	0	0
17751831	0	0	0	0	0	0	0
16858935	0	0	0	0	0	0	0
20196863	0	0	0	0	0	0	0
23133663	0	0	0	0	0	0	0
15699831	0	0	0	0	0	0	0
40492351	7839742	0	79993823	0	0	0	0
3112727	0	0	0	0	0	0	0
11009911	0	0	79141725	0	0	0	0
0	0	0	22780893	0	0	0	0
24382815	0	0	0	0	0	0	0
16125207	0	0	0	0	0	0	0
1282007	0	0	0	0	0	0	0
11595167	0	0	0	0	0	0	0
18005407	0	0	24899423	0	0	0	0
302871	0	0	0	0	0	0	0
0	15842302	0	0	0	0	0	0
8245207	0	0	0	0	0	0	0
12234679	0	0	0	0	0	0	0
2199423	0	0	0	0	0	0	0
0	0	0	11370495	0	0	0	0
20692447	0	0	0	0	0	0	0
17235927	0	0	0	0	0	0	0
5951255	0	0	0	0	0	0	0
20144055	0	0	0	0	0	0	0
606135	0	0	0	0	0	0	0
26189623	0	0	0	0	56880847	0	0
84676095	18942844	0	0	0	0	0	0
1576351	0	0	0	0	0	0	0
15441215	0	0	0	0	0	0	0
8556415	0	0	0	0	0	0	0
74059263	0	0	0	2011118	0	0	0
2854303	0	0	0	0	0	0	0
28917151	0	0	0	0	1953775	0	0
22707615	0	0	0	0	0	0	0
3898687	0	0	0	0	0	0	0
0	0	0	0	383926	0	0	0
6540767	0	0	0	0	0	0	32641019
6541111	0	0	0	0	0	0	0
0	0	0	5111645	0	0	0	0
17055039	7417724	0	0	0	0	0	0
0	0	0	17874813	83976166	0	0	0
0	0	0	0	0	122847	0	0
0	0	0	21834621	0	0	0	0
70119287	35900284	0	0	7335926	0	0	0
6008703	0	0	0	0	0	0	0
0	134012	0	113627101	0	0	0	0
233431	0	0	0	0	0	0	0
9625087	0	0	0	220086	0	0	0
24112447	0	0	0	0	0	0	0
49466847	0	0	0	0	118239	0	0
0	74849276	0	0	20233150	0	0	0
0	0	0	0	150454	0	0	0
0	0	0	543613	2555830	0	0	0
16330559	0	0	0	0	0	0	0
5836191	0	0	0	0	0	0	0
113188791	678780	0	0	0	0	0	0
0	0	0	0	25730990	0	0	0
0	106492	0	0	0	0	0	0
9404223	0	0	0	0	0	0	0
114495	0	0	0	0	0	0	0
61369663	0	0	24457087	47448038	0	0	0
134423	0	0	0	0	0	0	0
15355863	0	0	0	0	10493439	0	0
0	6254462	0	0	0	0	0	0
0	0	0	0	20245430	0	0	0
0	0	0	105762653	0	7180271	0	0
0	0	0	109125599	102334	0	0	0
261951	0	0	0	0	0	0	0
147223	0	0	0	0	0	0	0
22335447	0	0	126364669	0	0	0	0
0	35429244	0	10009597	0	0	0	0
0	0	0	0	80591806	4087807	0	0
0	0	0	0	21015550	0	0	0
0	111991804	0	0	0	8609487	0	0
0	0	0	0	1895350	0	0	0
106303	0	0	40967007	0	0	0	0
0	0	0	18635743	0	0	0	0
0	0	0	12984285	23964606	0	0	0
18370519	0	0	0	0	0	0	0
12300151	0	0	0	0	0	0	0
0	0	0	24337375	0	0	0	0
5717503	0	0	0	128614318	0	0	0
0	0	0	0	0	25648351	0	0
22224287	0	0	0	0	0	0	0
1126263	0	0	0	0	0	0	0
0	14732156	0	0	0	0	0	0
0	0	0	3705693	0	0	0	0
126935	0	0	0	0	82915311	0	0
196415	0	0	0	0	0	0	0
2359063	0	0	0	0	0	0	0
21998943	0	0	0	30145526	0	0	0
298879	0	0	0	0	0	0	0
66600255	0	0	114687	0	0	0	0
139191	0	0	0	0	0	0	0
20340503	0	0	0	0	0	0	0
0	0	0	17334141	9726910	0	0	0
0	0	0	20688733	0	0	0	0
155575	0	0	0	0	0	0	0
2985943	0	0	0	0	0	0	0
0	0	0	5644255	0	0	0	0
101855	0	0	0	0	0	0	0
23338303	0	0	0	0	123997391	0	0
0	0	0	3157887	0	0	0	0
7053119	65769468	0	90889181	0	0	0	0
151511	0	0	114151263	0	0	0	0
122271	0	0	21654527	0	0	0	0
18263319	0	0	0	0	0	0	0
12787103	0	0	0	0	0	0	0
0	0	0	0	0	81359	0	0
9202967	0	0	25329535	27724710	0	0	0
1228127	0	0	0	0	0	0	0
20205439	0	0	102928223	0	0	0	0
151415	0	0	0	0	0	0	0
188223	0	0	0	0	0	0	0
126231	67121148	0	58403711	0	0	0	0
6847903	0	0	0	0	0	0	0
25165695	0	0	0	0	0	0	0
0	0	0	5688285	0	0	0	0
126431	0	0	56679421	0	0	0	0
28249367	0	0	15933405	0	0	0	0
155071	0	0	0	0	0	0	0
0	0	0	7687005	0	0	0	0
25509655	0	0	0	0	0	0	0
24403895	0	0	0	0	0	0	0
0	0	0	14076767	0	0	0	0
16178591	0	0	0	0	0	0	0
20303263	0	0	0	0	0	0	0
12340703	0	0	0	0	0	0	0
19660727	0	0	0	0	0	0	0
16850807	0	0	0	0	0	0	0
0	0	0	175069	0	0	0	0
8322463	0	0	0	0	8572895	0	0
0	20483068	0	42495837	0	0	0	0
146871	0	0	0	0	0	0	0
9661951	0	0	0	0	113483743	0	0
0	0	0	12401661	0	0	0	0
0	0	0	11034493	0	0	0	0
0	11034492	0	0	0	0	0	0
25534231	0	0	0	0	0	0	0
24145815	0	0	0	0	0	0	0
0	0	0	0	0	89551	0	0
617943	0	0	0	0	0	0	0
113943	0	0	0	0	0	0	0
0	0	0	0	12144566	0	0	0
0	0	0	50057053	0	20548815	0	0
106696567	0	0	5475325	0	0	0	0
1355127	0	0	0	0	0	0	0
17018367	0	0	0	0	0	0	0
0	0	0	0	0	2571727	0	0
17145791	0	0	0	0	0	0	0
241151	0	0	0	0	0	0	0
22622199	0	0	0	0	80158431	0	0
0	0	0	0	0	21245439	0	0
0	0	0	4258687	0	0	0	0
12074335	0	0	0	0	0	0	0
0	0	0	51552223	0	22003167	0	0
0	0	0	9997151	0	0	0	0
0	0	0	12459871	0	0	0	0
82283999	0	0	5131231	0	0	0	0
139167	0	0	0	0	0	0	0
220631	0	0	0	0	19546111	0	0
191895	0	0	0	0	0	0	0
17178079	0	0	0	0	66215151	0	0
188415	0	0	0	0	0	0	0
0	0	0	6135647	0	0	0	0
200095	0	0	0	0	0	0	0
0	3022718	0	0	0	0	0	0
58227999	0	0	0	6344702	0	0	0
22924695	0	0	0	122473382	0	0	0
0	0	0	3420031	0	0	0	0
0	0	0	11796351	0	0	0	0
187871	0	0	0	0	0	0	0
12180759	0	0	103156573	0	0	0	0
0	3402622	0	0	0	0	0	0
11517407	0	0	0	0	0	0	0
0	0	0	0	154598	0	0	0
0	7142270	0	0	0	0	0	0
89431	0	0	0	0	0	0	0
13139871	0	0	0	0	0	0	0
19234079	0	0	0	0	0	0	0
1047967	0	0	0	0	0	0	0
14258039	0	0	19885949	0	0	0	0
118591	0	0	0	0	0	0	0
72531863	26091518	0	0	0	0	0	0
21564927	0	0	1616895	0	0	0	0
216863	0	0	36261727	0	0	0	0
176031	0	0	0	0	0	0	0
23383927	0	0	0	0	0	0	0
5381983	0	0	95206269	0	0	0	0
0	0	0	0	0	21343695	0	0
0	2276222	0	0	0	0	0	0
0	0	0	10726269	0	5844959	0	0
0	0	0	3620735	0	0	0	0
15929271	0	0	0	0	0	0	0
130463	0	0	0	0	0	0	0
0	0	0	0	0	5562095	0	0
20701183	0	0	0	0	0	0	0
0	0	0	0	0	23379455	0	0
19664735	0	0	0	0	0	0	0
142751	0	0	0	0	0	0	0
0	0	0	25374719	0	0	0	0
0	0	0	69827581	0	4721903	0	0
0	25837436	0	0	0	0	0	0
7876063	0	0	0	0	0	0	0
237495	0	0	0	0	0	0	0
16133535	0	0	0	0	0	0	0
0	8793980	0	48802813	0	0	0	0
151479	0	0	0	0	0	0	0
92315575	0	0	0	0	392415	0	0
33173463	0	0	21753853	0	0	0	0
22281631	0	0	0	0	0	0	0
237335	0	0	0	0	0	0	0
23158655	0	0	0	0	0	0	0
22982615	0	0	4579197	0	0	0	0
10542591	0	0	3390333	98864126	0	0	0
0	0	0	23789567	0	0	0	0
0	0	0	0	0	24366319	0	0
85274487	0	0	5258237	96358326	0	0	0
0	0	0	0	0	150991	0	0
20839839	0	0	0	0	0	0	0
67882871	0	0	0	0	3488975	0	0
12619167	0	0	0	0	0	0	0
196375	0	0	0	0	0	0	0
0	5487614	0	0	0	0	0	0
35557175	4501372	0	0	0	0	0	0
9277303	0	0	0	0	0	0	0
80244063	0	0	5028861	0	0	0	0
0	0	0	25595741	0	0	0	0
17513887	0	0	0	0	0	0	0
20451095	0	0	0	0	0	0	0
388511	0	0	0	0	0	0	0
142615	0	0	0	0	16940799	0	0
0	0	0	0	106601406	8015839	0	0
107707807	0	0	0	0	21368831	0	0
10784695	0	0	0	0	0	0	0
0	0	0	18836479	0	0	0	0
8773399	0	0	0	0	0	0	0
0	0	0	8612701	0	0	0	0
18746847	49504124	0	0	0	0	0	0
12836159	0	0	0	0	0	0	0
0	0	0	15944669	0	0	0	0
22740919	0	0	0	0	0	0	0
0	143228	0	0	0	0	0	0
44801815	21187452	0	0	0	0	0	0
9374999	0	0	0	0	0	0	0
48487839	26095612	0	0	0	0	0	0
0	77692	0	0	0	0	0	0
0	0	0	5229565	0	0	0	0
359839	0	0	0	0	38502127	0	0
4874167	0	0	0	0	0	0	0
11533727	0	0	0	0	0	0	0
0	1097724	0	0	0	0	0	0
0	0	0	24546269	0	0	0	0
0	69226494	0	0	0	12525535	0	0
76619167	0	0	0	0	20884959	0	0
0	0	0	0	12057534	0	0	0
114079	0	0	0	0	0	0	0
16322015	0	0	0	34618302	0	0	0
0	0	0	0	0	23195103	0	0
0	122878	0	0	0	69098703	0	0
183575	0	0	0	0	0	0	0
0	0	0	3612541	0	0	0	0
117985143	0	0	0	20130814	0	0	0
0	0	0	0	0	25337055	0	0
159199	0	0	0	0	0	0	0
7839607	0	0	0	0	0	0	0
134495	0	0	0	0	0	0	0
7511455	48123902	0	0	0	118173679	0	0
0	0	0	0	0	22138863	0	0
98231	0	0	0	0	0	0	0
23690655	0	0	0	0	0	0	0
167391	0	0	0	0	0	0	0
19709751	0	0	0	0	0	0	0
0	81918	0	0	0	87285759	0	0
11059127	0	0	0	0	0	0	0
482583	0	0	0	0	0	0	0
0	0	0	0	610278	0	0	0
0	0	0	3162077	0	0	0	0
0	0	0	0	6504438	0	0	0
110551	0	0	0	0	0	0	0
0	24116220	0	0	0	0	0	0
0	151548	0	0	158630	0	0	0
0	0	0	0	0	167903	0	0
83689271	0	0	0	0	11321311	0	0
171959	0	0	0	0	0	0	0
109866303	4132732	0	0	0	0	0	0
0	0	0	167903	0	0	0	0
20495679	0	0	0	0	0	0	0
102359	0	0	0	0	0	0	0
83737919	0	0	0	143270	0	0	0
2186655	0	0	0	0	0	0	0
0	0	0	66854751	0	17382623	0	0
122271	0	0	0	0	0	0	0
10567607	0	0	0	82058150	0	0	0
72601431	0	0	24632159	0	0	0	0
0	86166398	0	0	0	93391	0	0
70791127	0	0	0	15265726	0	0	0
0	0	0	0	12975030	0	0	0
39206783	0	0	0	0	19857375	0	0
0	96526206	0	0	0	17166079	0	0
1716127	0	0	37023741	0	0	0	0
0	126972	0	0	0	0	0	0
20320119	0	0	0	0	0	0	0
163327	0	0	0	0	0	0	0
0	0	0	0	0	13729231	0	0
7180055	0	0	0	0	0	0	0
13786975	37362556	0	80546653	0	0	0	0
11075007	0	0	0	70794214	0	0	0
4549911	0	0	0	0	0	0	0
11853823	0	0	0	0	0	0	0
15687095	0	0	8548351	0	0	0	0
0	0	0	0	0	19176671	0	0
0	0	0	5492701	0	0	0	0
0	3342334	0	0	0	0	0	0
323543	0	0	0	0	0	0	0
0	19397630	0	0	0	0	0	0
0	6912892	0	0	0	0	0	0
0	0	0	13597695	0	0	0	0
286719	61963132	0	0	0	107864015	0	0
0	0	0	23911389	0	0	0	0
0	0	0	0	0	77279	0	0
3669407	0	0	0	0	0	0	0
18857855	0	0	32575359	0	0	0	0
11136479	0	0	0	0	0	0	0
212319	0	0	0	0	0	0	0
23490527	0	0	0	0	0	0	0
0	0	0	0	10317734	0	0	0
0	0	0	3047295	0	0	0	0
24198655	0	0	0	0	0	0	0
232799	0	0	0	0	0	0	0
0	0	0	0	11280310	0	0	0
15294455	0	0	33348605	38009830	0	0	0
16698879	0	0	0	96698366	0	0	0
21970239	0	0	0	0	0	0	0
167871	0	0	0	0	0	0	0
0	827388	0	0	0	0	0	0
24456703	0	0	0	0	0	0	0
5512983	0	0	0	0	0	0	0
26922463	0	0	0	4464614	0	0	0
18271511	126427132	0	27123677	0	0	0	0
0	0	0	24279903	0	0	0	0
110047	0	0	0	0	0	0	0
1322871	0	0	127750143	0	50573039	0	0
23551487	94078	0	48254943	0	0	0	0
26213655	103337852	0	0	0	0	0	0
10227199	0	0	0	0	0	0	0
109911	0	0	0	0	0	0	0
0	0	0	79290239	0	14540239	0	0
126943	0	0	60874621	0	42163423	0	0
8781215	0	0	0	0	0	0	0
130847	47480830	0	0	0	0	0	0
6548895	0	0	0	0	0	0	0
0	0	0	7187423	0	0	0	0
0	0	0	0	4358054	14032639	0	0
4968311	0	0	0	0	0	0	0
0	0	0	50368381	7344102	0	0	0
159615	0	0	115653631	0	0	0	0
118039	0	0	0	0	0	0	0
62037503	0	0	0	0	7187663	0	0
0	114558	0	0	0	0	0	0
114559	0	0	0	0	0	0	0
0	1125244	0	0	0	0	0	0
12107735	0	0	0	0	0	0	0
175383	0	0	0	0	20226015	0	0
155575	0	0	0	0	0	0	0
40136191	0	0	0	0	0	0	8552447
0	0	0	0	0	5144063	0	0
26946839	0	0	20523901	0	0	0	0
147383	0	0	40868701	0	0	0	0
647007	0	0	0	0	0	0	0
21683519	0	0	80333661	0	0	0	0
0	18067452	0	0	0	0	0	0
167423	0	0	0	0	16477407	0	0
19996535	0	0	0	0	0	0	0
117509399	0	0	1490813	22421478	0	0	0
0	0	0	0	0	21998815	0	0
98901815	0	0	0	0	18885839	0	0
10603863	0	0	118832125	88637366	0	0	0
64048407	15535998	0	50139005	0	0	0	0
0	96971644	0	94822367	0	98031	0	0
0	0	0	24714077	0	0	0	0
22736383	0	0	0	0	0	0	0
16109055	0	0	0	0	0	0	0
3546527	0	0	3555199	0	0	0	0
15703455	0	0	0	18096118	0	0	0
113541047	0	0	1073021	0	0	0	0
0	0	0	21498719	4250542	0	0	0
25251703	0	0	0	0	0	0	0
0	0	0	11262943	0	0	0	0
0	0	0	18243423	0	0	0	0
97562495	0	0	24661887	0	31333839	0	0
110551	0	0	0	0	0	0	0
0	4841468	0	0	0	0	0	0
0	0	0	0	12533734	48152543	0	0
0	0	0	9072509	0	0	0	0
113057087	0	0	0	0	1203919	0	0
0	118467454	0	23113599	0	36929535	0	0
10317687	0	0	12255199	0	118005727	0	0
0	45367294	0	0	117670	0	0	0
26127839	79032190	0	0	0	0	0	0
1051927	0	0	0	0	0	0	0
138559	0	0	125385597	0	125984207	0	0
20774719	0	0	41262045	0	0	0	0
0	0	0	0	0	3697871	0	0
18161055	0	0	0	0	0	0	0
0	0	0	0	9650174	0	0	0
0	0	0	897021	0	0	0	0
0	0	0	22952831	0	0	0	0
0	183294	0	0	0	24444895	0	0
4509151	0	0	0	0	0	0	0
43773271	11365372	0	0	0	0	0	0
142847	0	0	0	0	0	0	0
16166367	0	0	0	0	0	0	0
96652567	0	0	26058591	0	0	0	0
13491991	0	0	0	1084334	0	0	0
0	0	0	0	92254134	110031	0	0
143223	0	0	0	0	0	0	0
0	0	0	8105981	0	0	0	0
9313599	0	0	0	0	0	0	0
53600183	0	0	0	122814	0	0	0
90861431	109566	0	0	0	0	0	0
0	0	0	117788511	0	4849103	0	0
60313559	0	0	0	0	159439	0	0
0	0	0	0	0	18370255	0	0
0	0	0	17047389	78110638	0	0	0
7462839	0	0	0	0	0	0	0
73183	0	0	0	0	0	0	0
0	97276	0	113033087	0	0	0	0
4657111	0	0	0	0	0	0	0
13643103	0	0	0	0	0	0	0
0	0	0	0	102334	0	0	0
78884255	0	0	6036351	0	0	0	0
56683863	20696958	0	0	0	0	0	0
0	0	0	0	0	1862863	0	0
0	0	0	0	11541430	0	0	0
9727863	0	0	0	0	0	0	0
150879	0	0	0	0	0	0	0
0	0	0	5024765	0	0	0	0
0	179068	0	0	0	265423	0	0
8658335	46779388	0	0	0	0	0	0
130391	0	0	0	0	0	0	0
151511	0	0	0	0	0	0	0
31563735	0	0	0	531366	0	0	0
0	0	0	0	8072166	0	0	0
113397247	3321854	0	0	0	82956255	0	0
83169239	16740350	0	0	0	62905551	0	0
0	0	0	19168253	113646	0	0	0
14630839	0	0	0	0	0	0	0
49266079	117088254	0	16362367	0	0	0	0
71008183	0	0	0	0	0	0	20029375
12369847	0	0	0	0	0	0	0
0	17866748	0	0	0	0	0	0
122174783	0	0	37084127	0	134911	0	0
0	0	0	0	117694	0	0	0
294207	0	0	0	51441574	82280175	0	0
0	0	0	113610591	92422062	10952671	0	0
21229023	0	0	0	0	0	0	0
0	0	0	16498557	0	0	0	0
12119871	0	0	0	0	0	0	0
0	0	0	155615	0	0	0	0
0	162812	0	0	0	0	0	0
3980703	60751742	0	0	56942518	109145855	0	0
0	5499900	0	0	0	0	0	0
179615	0	0	28164095	0	0	0	0
0	0	0	0	0	5595119	0	0
0	129142654	0	0	0	0	0	9330687
113933631	125820	0	0	0	0	0	0
265695	0	0	0	118119398	0	0	0
8970111	0	0	0	0	0	0	0
0	21937020	0	0	35106734	0	0	0
0	0	0	0	0	130815	0	0
16117215	72002428	0	0	0	0	0	0
0	19329020	0	0	0	57888223	0	0
62205911	15568766	0	0	0	83771359	0	0
0	0	0	25272189	0	0	0	0
0	97533950	0	16309085	0	0	0	0
0	23137278	0	0	0	0	0	0
21868407	89013118	0	85807069	0	0	0	0
25263519	0	0	0	0	0	0	0
19697535	0	0	48050047	0	0	0	0
40030071	0	0	88080383	5151678	0	0	0
16137631	0	0	38686687	0	0	0	0
7663071	196476	0	0	81574838	0	0	0
128810399	0	0	0	2882486	0	0	0
204759	0	0	6790109	0	0	0	0
0	0	0	5840863	0	0	0	0
35794399	0	0	4143997	0	0	0	0
24813335	28081022	0	0	0	0	0	0
13843871	0	0	0	0	0	0	0
22069175	0	0	0	0	0	0	0
0	17645566	0	0	0	0	0	0
139063	0	0	0	0	0	0	0
0	35164158	0	0	25870254	0	0	0
32902655	0	0	0	0	335359	0	0
0	0	0	15469407	0	0	0	0
151511	0	0	0	0	87944959	0	0
0	0	0	0	21240822	7302351	0	0
0	0	0	0	117678	0	0	0
82308415	200574	0	0	0	79208143	0	0
84704767	0	0	0	0	109791	0	0
0	4156414	0	0	42539942	0	0	0
0	12763132	0	0	81035174	0	0	0
0	14102526	0	41439071	0	0	0	0
70299519	11780094	0	0	0	0	0	0
0	61418494	0	97279	0	0	0	0
60780311	20397052	0	111922141	0	0	0	0
0	0	0	0	93182	0	0	0
0	11480062	0	0	0	0	0	0
0	135164	0	0	0	0	0	0
130839	0	0	0	0	0	0	0
0	0	0	0	24034286	0	0	0
0	0	0	0	7072686	285919	0	0
130463	13069180	0	0	0	0	0	0
0	19266556	0	79966077	0	0	0	0
0	13164412	0	0	0	63987711	0	0
0	0	0	0	7547878	0	0	0
0	0	0	6250463	0	0	0	0
0	25332732	0	0	0	0	0	0
146847	0	0	0	0	0	0	0
0	0	0	0	0	10550495	0	0
0	299006	0	0	0	0	0	0
0	0	0	24665951	0	0	0	0
0	0	0	483293	0	0	0	0
0	0	0	80194559	97214	0	0	0
2875351	0	0	0	0	0	0	0
21617983	0	0	0	23609262	0	0	0
0	0	0	0	0	122319	0	0
17338239	95617020	0	0	0	0	0	0
26234367	83495804	0	125771773	179134	0	0	0
0	0	0	0	1085366	0	0	0
6258175	0	0	0	0	0	0	0
0	93054	0	11709309	0	0	0	0
118271	0	0	0	0	0	0	0
0	16526334	0	0	0	0	0	0
0	0	0	8932351	0	0	0	0
0	74850174	0	0	0	13090815	0	0
195999	0	0	0	0	0	0	0
138655	0	0	0	0	0	0	0
57487319	46100350	0	0	0	1818111	0	0
0	0	0	0	61143974	25874127	0	0
1572159	0	0	0	0	0	0	0
21250007	0	0	0	0	0	0	0
5848887	0	0	40442877	0	0	0	0
3252151	0	0	0	0	0	0	0
155447	16277502	0	0	0	0	0	0
0	17551228	0	9194463	0	74874367	0	0
0	0	0	0	0	208591	0	0
0	0	0	0	0	89599	0	0
100957975	21454846	0	0	0	0	0	0
126271	0	0	0	0	0	0	0
6049751	0	0	0	0	0	0	0
17895287	0	0	0	0	110575	0	0
12414935	0	0	0	0	0	0	0
111476503	0	0	0	581550	111758543	0	0
0	0	0	0	0	14159855	0	0
5627711	0	0	0	0	0	0	0
175991	0	0	0	50936806	0	0	0
56843679	112365436	0	4157309	0	0	0	0
23133599	0	0	0	71655414	0	0	0
0	314364	0	0	0	0	0	0
0	0	0	15298557	0	0	0	0
12459895	0	0	0	95108022	0	0	0
22437815	130044	0	26156031	0	0	0	0
0	23707644	0	51232733	0	0	0	0
110079	0	0	0	0	0	0	0
0	0	0	0	12324838	0	0	0
123719639	10625022	0	0	0	0	0	0
0	195454	0	0	0	0	0	0
0	0	0	0	0	15036159	0	0
5160255	0	0	0	48807846	0	0	0
212791	69902332	0	0	0	0	0	0
0	13179772	0	0	0	0	0	0
63425879	0	0	6766591	0	74837759	0	0
0	0	0	19488639	0	0	0	0
0	0	0	0	10423286	0	0	0
17661343	77402108	0	106155999	0	0	0	0
120245591	0	0	0	45109230	3616255	0	0
14880631	0	0	0	0	0	0	0
20630847	56061950	0	0	0	0	0	0
0	0	0	0	126902	0	0	0
7090039	0	0	0	0	0	0	0
122367	0	0	0	0	44747999	0	0
0	179198	0	0	0	0	0	0
0	14905214	0	0	8007590	0	0	0
0	359420	0	0	0	0	0	0
8129815	0	0	0	0	0	0	0
0	211836	0	0	0	0	0	0
0	0	0	105454463	12234734	0	0	0
134495	0	0	94735359	0	3284191	0	0
12664223	0	0	0	0	0	0	0
0	0	0	0	0	4873471	0	0
171423	0	0	1966045	17158126	0	0	0
1965399	4467582	0	0	0	0	0	0
0	0	0	26143615	0	0	0	0
58126263	40046462	0	21187549	0	0	0	0
26054143	0	0	0	0	0	0	0
4988319	66723708	0	0	0	0	0	0
59940631	25890812	0	0	0	0	0	0
286015	0	0	46395391	0	0	0	0
82734559	457724	0	0	0	0	0	0
0	6324094	0	0	0	0	0	0
27037015	0	0	1915901	0	0	0	0
12484567	0	0	0	18119614	0	0	0
0	0	0	129408989	0	10645231	0	0
0	0	0	77938685	0	24375295	0	0
0	20261756	0	0	121637878	0	0	0
0	0	0	24563551	0	0	0	0
40713535	147454	0	0	0	120151503	0	0
73084791	9428990	0	53701631	0	0	0	0
77183	0	0	0	0	0	0	0
126431	0	0	0	0	0	0	0
0	0	0	0	99228646	15867903	0	0
113983	0	0	0	0	0	0	0
0	0	0	0	719782	0	0	0
0	0	0	20593535	0	0	0	0
8548159	0	0	0	0	0	0	0
7401279	0	0	65870685	0	0	0	0
22609783	0	0	0	0	44089311	0	0
0	0	0	0	1285054	0	0	0
6774175	0	0	0	10914734	0	0	0
58670591	102270	0	0	0	0	0	0
115469655	0	0	23530493	0	0	0	0
0	101244	0	0	0	0	0	0
6700383	0	0	75832157	72327086	49983455	0	0
10603863	6955006	0	0	0	0	0	0
0	0	0	86454237	0	4193743	0	0
24243519	0	0	0	0	0	0	0
49098615	10537854	0	0	78114806	0	0	0
0	0	0	12468095	0	0	0	0
0	0	0	0	0	175343	0	0
335839	0	0	0	32014326	0	0	0
0	0	0	0	86035390	16715231	0	0
5414719	0	0	0	32825318	0	0	0
134999	0	0	0	0	0	0	0
0	0	0	0	0	7245279	0	0
253791	0	0	57040861	0	0	0	0
73239903	0	0	397311	0	0	0	0
0	0	0	13610845	0	15269087	0	0
0	0	0	16248703	0	0	0	0
88104759	12864510	0	0	68791214	0	0	0
0	220030	0	0	67120102	0	0	0
0	0	0	0	11705326	0	0	0
98263	0	0	0	0	0	0	0
24178047	0	0	0	0	0	0	0
38277047	0	0	0	0	3009759	0	0
110940031	0	0	6147935	0	0	0	0
12242807	0	0	0	66207734	0	0	0
15015735	0	0	0	0	0	0	0
10162103	0	0	0	0	0	0	0
0	10194812	0	0	0	56557519	0	0
21368695	0	0	0	0	0	0	0
17038775	0	0	0	0	36851407	0	0
23932351	0	0	0	0	0	0	0
24010679	0	0	0	0	31825615	0	0
0	20114430	0	0	0	0	0	0
0	6454140	0	0	106441646	0	0	0
0	0	0	0	0	208847	0	0
0	0	0	0	12161006	0	0	0
0	0	0	0	97262	0	0	0
0	0	0	0	115018662	18787551	0	0
94158239	93180	0	0	0	0	0	0
0	0	0	0	0	134367	0	0
0	0	0	25649119	0	0	0	0
15994359	105962366	0	0	0	0	0	0
97959287	257022	0	126323549	0	84033535	0	0
0	0	0	0	5316606	0	0	0
99773951	0	0	0	13623214	0	0	0
0	0	0	0	2219958	0	0	0
0	15441790	0	0	0	0	0	0
106263	95100798	0	123088893	9305062	0	0	0
216407	0	0	0	0	0	0	0
0	87231356	0	0	4382646	25660623	0	0
99921823	0	0	0	0	21987071	0	0
0	0	0	0	3133422	0	0	0
0	1416188	0	47943647	117185462	123076575	0	0
9396191	0	0	0	0	0	0	0
0	76627964	0	20237277	0	0	0	0
14507959	0	0	0	0	0	0	0
0	50315134	0	22637437	0	0	0	0
0	85982076	0	1702909	0	0	0	0
125349847	0	0	0	143286	0	0	0
0	0	0	0	0	18980047	0	0
217015	0	0	14027743	0	0	0	0
14790111	0	0	0	0	0	0	0
72715679	0	0	16501727	175022	0	0	0
0	0	0	7351293	0	0	0	0
0	0	0	118680541	94339046	3914959	0	0
0	0	0	0	0	18316799	0	0
368575	0	0	0	0	0	0	0
17616255	0	0	0	0	0	0	0
3686207	17484668	0	0	0	0	0	0
0	0	0	41462783	0	12206047	0	0
0	0	0	0	0	737007	0	0
0	0	0	0	143350	0	0	0
0	10575870	0	14766045	0	0	0	0
7187967	66354174	0	0	85617662	23715807	0	0
67375063	0	0	0	569334	0	0	0
0	187390	0	0	0	0	0	0
0	0	0	0	1216430	0	0	0
104431031	10869758	0	0	0	0	0	0
0	130942	0	0	0	0	0	0
114079	0	0	0	0	0	0	0
10440063	0	0	0	0	0	0	0
0	0	0	0	0	10723071	0	0
6147383	0	0	3898239	0	0	0	0
315255	0	0	33119197	0	0	0	0
134647	0	0	0	0	0	0	0
4955551	0	0	48664543	0	0	0	0
0	120069118	0	58973151	0	13061327	0	0
60698583	0	0	25845727	0	0	0	0
0	0	0	0	0	114655	0	0
8265495	0	0	0	0	0	0	0
0	0	0	0	0	14712575	0	0
167895	0	0	0	0	0	0	0
0	0	0	0	5885934	0	0	0
86707679	0	0	0	4399078	0	0	0
8641951	0	0	0	0	0	0	0
0	0	0	100466687	113598	0	0	0
78827383	63753086	0	0	0	142815	0	0
0	0	0	0	0	323039	0	0
0	0	0	0	220134	0	0	0
372599	0	0	0	0	118033615	0	0
12529015	0	0	0	0	0	0	0
0	23474172	0	0	0	0	0	0
0	0	0	0	9833382	0	0	0
0	0	0	0	0	119024879	0	1276859
159071	0	0	0	0	0	0	0
0	0	0	0	0	146655	0	0
0	16834428	0	0	0	0	0	0
0	4419580	0	0	0	0	0	0
20135327	0	0	0	0	0	0	0
0	0	0	18362237	0	0	0	0
798047	8966014	0	0	0	0	0	0
3239895	0	0	0	0	0	0	0
4906303	0	0	0	0	0	0	0
0	20093948	0	0	0	0	0	0
0	7061374	0	0	556030	50248943	0	0
204599	0	0	0	0	0	0	0
20827415	43519996	0	0	0	474575	0	0
0	49634172	0	0	146366	0	0	0
53267967	25762684	0	33753951	0	0	0	0
98175	0	0	0	0	0	0	0
282079	0	0	106712927	0	0	0	0
163095	0	0	0	0	0	0	0
0	0	0	0	0	114415	0	0
130559	3656700	0	0	0	0	0	0
0	0	0	13025279	0	0	0	0
0	0	0	17633245	0	0	0	0
0	265086	0	0	0	0	0	0
0	22736892	0	0	0	0	0	0
0	106364	0	0	0	0	0	0
0	3898236	0	0	89623470	0	0	0
0	0	0	0	110582	0	0	0
0	7498622	0	103586783	94768118	0	0	0
597783	0	0	0	0	0	0	0
143159	0	0	0	0	0	0	0
13627263	0	0	0	48720886	119336159	0	0
5070175	0	0	0	0	0	0	0
70422015	0	0	0	138166	0	0	0
11656607	0	0	0	0	0	0	0
0	0	0	0	0	25968607	0	0
0	99367934	0	0	162814	0	0	0
0	0	0	16813021	0	0	0	0
0	159614	0	0	0	0	0	0
0	0	0	0	0	216271	0	0
14093727	0	0	0	0	13655551	0	0
23092543	0	0	0	0	0	0	0
0	54726526	0	8998751	0	0	0	0
79138679	0	0	0	82762670	25997007	0	0
0	0	0	24489855	0	126238159	0	0
5393687	0	0	104438623	0	68890319	0	0
25656735	0	0	0	0	0	0	0
0	0	0	0	86006	0	0	0
114079	4530174	0	84545501	0	0	0	0
446423	0	0	0	0	0	0	0
22686999	0	0	0	0	0	0	0
0	0	0	0	0	6168015	0	0
196375	0	0	0	0	0	0	0
0	0	0	0	0	7028175	0	0
0	0	0	0	2976742	0	0	0
151415	70586366	0	0	0	0	0	0
0	0	0	707549	0	0	0	0
17387383	0	0	121056253	0	0	0	0
0	0	0	63754077	0	9514223	0	0
0	150524	0	0	0	0	0	0
0	49667068	0	0	0	122847	0	0
94071	0	0	0	0	0	0	0
106265879	0	0	323423	0	0	0	0
93695	0	0	0	51621870	0	0	0
0	0	0	0	0	3874543	0	0
249719	0	0	2407295	0	0	0	0
0	0	0	1265535	0	0	0	0
0	6926332	0	0	0	0	0	0
10583831	51960830	0	0	0	0	0	0
0	0	0	0	129974	0	0	0
0	7334908	0	0	0	0	0	0
112020823	10799998	0	0	0	0	0	0
0	0	0	0	0	17702639	0	0
134935	0	0	0	0	0	0	0
151007	103169916	0	0	0	0	0	0
9166615	0	0	0	0	0	0	0
98167	0	0	0	0	0	0	0
0	0	0	101213	0	0	0	0
0	0	0	0	23642022	0	0	0
69639583	114556	0	0	0	0	0	0
4185879	75616252	0	0	0	0	0	0
34659743	0	0	0	0	22908111	0	0
0	3620862	0	122101597	18911230	0	0	0
25992511	0	0	0	0	0	0	0
9433015	0	0	0	0	0	0	0
17268663	0	0	0	0	0	0	0
0	0	0	0	7020518	0	0	0
0	0	0	0	24882094	0	0	0
114079	0	0	0	0	0	0	0
6704407	14151550	0	130681693	0	0	0	0
216343	0	0	0	0	0	0	0
0	0	0	0	0	14433503	0	0
16252319	0	0	0	0	0	0	0
150879	101593086	0	0	0	0	0	0
155415	40348540	0	42753887	116136950	0	0	0
0	0	0	0	0	159471	0	0
93463	0	0	0	0	0	0	0
2330111	0	0	0	0	85199	0	0
0	0	0	0	11434926	29442047	0	0
0	18915326	0	0	0	0	0	0
0	0	0	0	105462	0	0	0
55582495	0	0	618495	0	0	0	0
0	0	0	0	130998	62467279	0	0
0	0	0	12254205	0	0	0	0
0	207742	0	0	0	0	0	0
0	23899134	0	0	0	0	0	0
281951	0	0	0	0	0	0	0
0	0	0	17895261	0	0	0	0
0	0	0	126717919	4238270	0	0	0
0	0	0	0	134142	0	0	0
0	0	0	6598653	0	0	0	0
59891135	0	0	0	0	318959	0	0
0	13777788	0	0	0	0	0	0
0	20983676	0	29319133	0	0	0	0
0	81918	0	0	0	0	0	0
80891359	138108	0	0	120619006	0	0	0
0	29952892	0	7433085	0	0	0	0
0	0	0	39316351	94198	0	0	0
79011135	8194940	0	0	0	0	0	0
6651703	41193342	0	1080191	0	0	0	0
0	0	0	18451421	0	0	0	0
0	0	0	0	0	130271	0	0
0	121852	0	0	0	30309839	0	0
71090071	0	0	0	0	344063	0	0
80252375	0	0	0	12315630	0	0	0
0	0	0	0	23945206	125828559	0	0
118591	0	0	0	0	0	0	0
176063	0	0	0	0	54828495	0	0
0	0	0	129919	0	0	0	0
261567	0	0	0	0	0	0	0
4857215	0	0	0	0	0	0	0
138551	0	0	87354205	0	0	0	0
25116599	0	0	0	0	0	0	0
0	0	0	0	0	163327	0	0
0	0	0	0	0	23564271	0	0
0	22744062	0	0	0	77463295	0	0
0	13192188	0	0	0	29089775	0	0
73655	0	0	23023487	0	0	0	0
0	0	0	0	0	203999	0	0
0	0	0	0	0	105695	0	0
0	88088446	0	0	0	143103	0	0
101855	126643196	0	0	0	0	0	0
0	22396926	0	0	0	0	0	0
0	0	0	0	0	196575	0	0
0	248828	0	0	0	0	0	0
0	11460604	0	58481501	0	0	0	0
0	105342	0	76582879	0	0	0	0
117116415	18067324	0	27364319	0	0	0	0
0	0	0	21633917	0	0	0	0
21209079	0	0	0	0	0	0	0
13966751	0	0	0	0	0	0	0
0	17788798	0	0	0	0	0	0
0	12127100	0	96907229	0	0	0	0
24784215	7277566	0	0	19479462	0	0	0
126871	49966972	0	0	0	0	0	0
0	0	0	1383421	0	0	0	0
257471	0	0	0	0	0	0	0
20225439	0	0	0	0	67251919	0	0
0	0	0	9632735	0	0	0	0
0	117001212	0	0	0	229375	0	0
13344063	0	0	29453183	0	0	0	0
0	0	0	13380605	0	0	0	0
0	0	0	125545471	12340150	0	0	0
12586463	0	0	0	0	0	0	0
0	0	0	0	12323814	39067647	0	0
17026527	0	0	0	0	0	0	0
339423	0	0	0	0	0	0	0
0	0	0	0	0	1499103	0	0
0	0	0	22981599	0	0	0	0
0	10043390	0	0	0	0	0	0
9105335	0	0	0	112475118	83664895	0	0
0	376700	0	123759487	0	0	0	0
0	151420	0	0	0	0	0	0
99970399	0	0	0	0	10980831	0	0
236959	0	0	124529501	0	0	0	0
0	113388540	0	0	0	8306175	0	0
0	0	0	2072541	122236838	0	0	0
6074231	99863422	0	0	0	0	0	0
184127	0	0	0	0	0	0	0
208759	0	0	27807743	0	0	0	0
22060351	0	0	0	0	0	0	0
20664279	0	0	0	0	0	0	0
163639	47017982	0	106416989	0	0	0	0
18165623	0	0	0	0	0	0	0
0	0	0	0	25287678	0	0	0
143159	0	0	0	0	53222639	0	0
0	97525758	0	0	0	2014431	0	0
0	5548924	0	69410687	0	0	0	0
0	0	0	756607	0	0	0	0
19955671	45390844	0	0	0	0	0	0
20495679	6918012	0	0	0	0	0	0
0	0	0	0	0	18894031	0	0
0	9010046	0	0	0	0	0	0
23338399	0	0	56253311	0	0	0	0
0	0	0	22515679	0	0	0	0
155575	0	0	0	0	0	0	0
2490327	97278	0	0	0	0	0	0
0	0	0	0	237486	0	0	0
12361591	0	0	0	0	0	0	0
0	0	0	17764221	0	0	0	0
0	11509630	0	0	0	0	0	0
105791	0	0	0	69820414	19328239	0	0
0	0	0	16260095	0	0	0	0
0	0	0	30429149	0	146671	0	0
204095	0	0	0	0	0	0	0
0	89084	0	0	0	0	0	0
78970647	0	0	0	147446	0	0	0
0	442238	0	0	0	122695647	0	0
262015	66509692	0	0	0	0	0	0
23350551	1994620	0	0	0	100229119	0	0
16878871	0	0	0	0	0	0	0
0	18103166	0	0	0	0	0	0
25493431	0	0	0	0	0	0	0
0	0	0	0	0	19783647	0	0
0	3345276	0	0	58998774	3346127	0	0
0	22597630	0	0	0	0	0	0
0	0	0	0	0	11423711	0	0
126463	0	0	0	0	0	0	0
1944855	0	0	0	63791030	0	0	0
0	40569724	0	0	0	21458159	0	0
0	9620350	0	96321407	0	0	0	0
0	0	0	0	0	19582431	0	0
10661847	0	0	0	104312822	0	0	0
57487223	0	0	0	363438	0	0	0
0	17350652	0	0	0	0	0	0
0	0	0	0	110502	0	0	0
0	0	0	16088959	0	0	0	0
21970807	0	0	67517309	0	68218575	0	0
0	20406268	0	101518173	0	0	0	0
0	0	0	0	15544246	0	0	0
19447735	0	0	0	0	0	0	0
0	6828030	0	0	0	0	0	0
0	19574654	0	18967549	100400110	30489823	0	0
0	90110	0	60694399	0	0	0	0
84676471	0	0	25304925	0	0	0	0
0	0	0	0	0	191695	0	0
17059231	0	0	87534589	0	0	0	2666495
81311	0	0	0	0	0	0	0
16125815	0	0	0	0	0	0	0
0	0	0	0	0	21528575	0	0
159199	0	0	0	0	0	0	0
187711	0	0	129355743	0	0	0	0
998879	0	0	0	0	0	0	0
0	0	0	0	0	126959	0	0
143319	0	0	80351199	0	0	0	0
163231	0	0	26529631	0	0	0	0
0	126844	0	0	0	54521551	0	0
0	32784254	0	15818751	0	0	0	0
0	0	0	22264701	0	0	0	0
253247	0	0	0	0	0	0	0
0	75639804	0	85900127	0	204239	0	0
14863703	0	0	0	0	0	0	0
130367	139262	0	0	0	0	0	0
0	0	0	14532477	0	0	0	0
20229463	0	0	0	0	0	0	0
130981815	0	0	0	0	1359327	0	0
827319	0	0	30088061	0	0	0	0
46010327	0	0	5107679	0	0	0	0
0	10099708	0	0	0	0	0	0
175991	0	0	0	0	0	0	0
0	51436412	0	0	0	1588735	0	0
339831	93937660	0	47935487	0	0	0	0
196535	0	0	0	0	14999295	0	0
14744991	0	0	0	98712550	0	0	0
121802007	0	0	26004447	0	0	0	0
20364799	0	0	0	0	34029055	0	0
0	0	0	0	84979694	2412527	0	0
0	0	0	0	4250542	126364879	0	0
36588823	0	0	9514845	0	0	0	0
94121239	0	0	6147039	0	0	0	0
41307487	0	0	0	2219966	0	0	0
158999	80071676	0	0	63810558	0	0	0
0	97148	0	0	0	0	0	0
0	16805886	0	0	0	0	0	0
114551	0	0	0	0	0	0	0
23814071	0	0	0	0	0	0	0
163135	0	0	0	103189422	0	0	0
0	23432190	0	0	37620726	159487	0	0
0	34155388	0	0	4156334	0	0	0
0	0	0	0	0	10161871	0	0
0	147326	0	0	0	0	0	0
103026143	0	0	0	13725630	0	0	0
0	12230524	0	0	0	0	0	0
