0	0	0	88878	0	0	0	0
2379678	0	0	0	0	0	0	0
0	0	0	121514	0	0	0	0
2746840	0	0	0	0	0	0	0
0	0	0	9236266	0	0	0	0
0	0	0	122798	0	0	0	0
0	0	0	92714	0	0	0	0
0	0	0	0	0	0	0	22415990
0	0	0	174902	0	0	0	0
0	0	0	0	0	0	0	6016870
0	23383662	0	0	0	0	0	0
0	0	0	101218	0	0	0	53047022
110908	0	0	0	0	0	0	0
0	0	0	0	0	0	0	2682726
0	0	0	113202	0	0	0	0
0	114238	0	0	0	0	0	0
0	0	0	121702	0	0	0	0
3956736	0	0	0	0	0	0	0
0	0	0	998258	1002486	0	0	0
0	0	0	0	81894	0	0	0
0	0	0	89654	0	0	0	0
0	0	0	0	0	0	12775078	0
0	0	0	0	0	0	0	18910958
0	0	0	0	0	0	0	19893242
0	0	0	0	0	0	19340070	0
0	0	0	0	1932158	0	0	0
0	0	0	94122	0	0	0	0
0	0	0	0	0	0	0	16837554
0	0	0	118318	0	0	0	0
0	0	0	94122	0	0	0	0
0	0	0	80886	0	0	0	0
285974	0	0	0	0	0	0	0
327680	0	0	0	0	0	0	0
0	0	0	0	0	0	0	84602
0	0	0	0	0	0	0	162610
19216540	0	0	0	0	0	0	0
0	0	0	0	0	0	0	1273458
10456772	0	0	0	0	0	0	0
0	0	0	77814	0	0	0	0
0	0	0	0	2502386	0	0	0
0	0	0	69422	0	0	0	0
0	0	0	0	0	0	9944622	0
85920	0	0	0	0	0	0	0
0	0	0	224230	0	0	0	0
0	0	0	0	0	0	0	11886118
0	0	0	98018	0	0	0	0
1978052	0	0	0	0	0	0	0
0	0	0	90026	0	0	0	0
0	0	0	0	92922	0	0	0
0	0	0	80694	0	0	0	0
75570	0	0	0	0	0	0	0
0	0	0	0	0	0	0	8052578
0	0	0	1362734	1354478	0	0	0
0	0	0	0	0	0	0	2644514
0	0	0	97022	0	0	0	0
11207916	0	0	0	0	0	0	0
0	0	0	0	106234	0	0	0
0	0	0	0	0	0	0	19824366
0	0	0	109498	0	0	0	0
0	0	0	0	0	0	0	4090490
0	0	0	101374	0	0	0	0
0	0	0	155498	0	0	0	0
74356580	0	0	110250	0	0	0	0
0	0	0	0	0	0	23476974	0
0	0	0	0	0	0	0	204326
0	0	0	0	0	0	0	270250
79400	0	0	0	0	0	0	0
0	0	0	0	0	0	0	281206
0	0	0	159718	0	0	0	0
0	0	0	0	15605602	0	0	0
101456	0	0	0	0	0	0	0
0	0	0	0	0	0	0	23620218
0	0	0	0	0	0	0	294442
114768	0	0	0	0	0	0	0
0	0	0	0	0	0	0	2927138
1520560	0	0	0	0	0	0	0
0	0	0	404086	0	0	0	0
0	9206654	0	0	0	0	0	0
0	0	0	0	0	0	0	24804906
4990142	0	0	0	0	0	0	0
0	0	0	0	8354542	0	0	0
2106558	0	0	0	0	0	0	0
1813162	0	0	0	0	0	0	0
3945392	0	0	0	0	0	0	0
0	0	0	0	0	0	0	3747566
0	0	0	0	0	0	0	24734714
0	0	0	0	0	0	0	1162046
0	0	0	89646	0	0	0	0
0	0	0	122802	0	0	0	0
0	0	0	1371106	0	0	0	0
0	0	0	142070	0	0	0	0
0	0	0	94122	0	0	0	0
0	0	0	10369974	0	0	0	0
115634	0	0	0	0	0	0	0
132332	0	0	0	0	0	0	0
0	0	0	133666	0	0	0	0
0	0	0	0	0	0	0	3234622
0	0	0	84910	0	0	0	0
0	0	0	89066	0	0	0	0
0	0	0	0	0	0	0	17308402
0	0	0	0	0	0	0	921326
0	0	0	84714	0	0	0	0
92948	0	0	0	0	0	0	0
0	0	0	101230	0	0	0	0
0	0	0	163682	0	0	0	0
0	0	0	237114	0	0	0	0
0	0	0	106038	0	0	0	0
0	0	0	0	0	0	0	4283194
0	0	0	110514	0	0	0	0
0	0	0	0	0	0	0	20540134
0	0	0	0	649954	0	0	0
0	0	0	5180094	0	0	0	0
0	0	0	0	105466	0	0	0
0	0	0	207850	0	0	0	0
0	0	0	220718	0	0	0	0
0	0	0	0	0	0	0	22171374
0	0	0	125934	0	0	0	0
0	0	0	1559394	0	0	0	0
0	0	0	0	0	0	0	228906
0	0	0	0	0	0	0	26159986
0	0	0	0	0	0	0	4803190
0	0	0	0	0	0	0	4009710
0	0	0	0	0	0	0	1130026
0	0	0	0	80614	0	0	0
0	0	0	145970	0	0	0	0
0	0	0	109418	0	0	0	0
707034	720894	0	0	0	0	0	0
0	0	0	102182	0	0	0	0
747362	0	0	0	0	0	0	0
0	0	0	76782	0	0	0	0
0	0	0	101054	0	0	0	0
0	0	0	85998	0	0	0	0
0	0	0	158698	0	0	0	0
0	0	0	0	80894	0	0	0
0	0	0	84846	0	0	0	0
86332	0	0	0	0	0	0	0
0	0	0	166754	0	0	0	0
87908	0	0	0	0	0	0	0
0	0	0	0	0	0	0	4004786
0	0	0	3934882	0	0	0	0
0	0	0	0	158714	0	0	0
0	0	0	180150	0	0	0	0
0	0	0	436898	433770	0	0	0
0	0	0	0	0	0	0	1796730
0	0	0	100910	0	0	0	0
0	0	0	68138	0	0	0	0
0	0	0	0	0	0	0	21343226
0	0	0	117614	0	0	0	0
0	0	0	13504422	0	0	0	0
0	0	0	0	77558	0	0	0
0	0	0	0	110574	0	0	0
0	0	0	180082	0	0	0	0
0	0	0	0	0	0	0	22429610
0	0	0	0	5577314	0	0	0
13590214	0	0	0	0	0	0	0
235676	0	0	0	0	0	0	0
111538	0	0	0	0	0	0	0
0	0	0	73530	0	0	0	0
3237918	0	0	0	0	0	0	0
0	0	0	0	0	0	12958262	0
0	0	0	0	93034	0	0	0
82236	0	0	0	0	0	0	0
0	0	0	0	90086	0	0	0
0	0	0	0	221182	0	0	0
80030	0	0	0	0	0	0	0
0	0	0	98174	0	0	0	0
0	0	0	678526	683626	0	0	0
94524	0	0	0	0	0	0	0
0	0	0	0	0	0	0	3816242
0	0	0	0	94206	0	0	0
0	0	0	0	0	0	0	5147170
0	0	0	151534	0	0	0	0
0	0	0	0	0	0	0	694974
0	0	0	0	81654	0	0	0
0	0	0	0	80746	0	0	0
99566	0	0	0	0	0	0	0
0	0	0	0	97122	0	0	0
0	0	0	0	0	0	0	24996858
0	0	0	0	106482	0	0	0
0	0	0	0	0	0	0	6176682
0	0	0	142058	0	0	0	0
108496	0	0	0	0	0	0	109202354
0	0	0	0	2609022	0	0	0
0	0	0	125486	0	0	0	0
111224	0	0	0	0	0	0	0
0	0	0	0	76390	0	0	0
0	0	0	133666	0	0	0	0
0	0	0	0	122606	0	0	0
0	0	0	0	73322	0	0	0
0	0	0	244330	0	0	0	0
0	0	0	0	89830	0	0	0
86332	0	0	0	0	0	0	0
0	0	0	88822	0	0	0	0
0	0	0	0	215910	0	0	0
0	0	0	0	106234	0	0	40389626
0	0	0	88614	0	0	0	0
106496	0	0	0	0	0	0	0
0	0	0	101310	0	0	0	0
0	141998	0	0	0	0	0	0
114688	0	0	0	0	0	0	0
130442	0	0	0	0	0	0	0
0	0	0	125482	0	0	0	0
108072	0	0	0	0	0	0	0
244498	0	0	0	0	0	0	0
0	0	0	0	73714	0	0	0
0	0	0	0	0	0	0	2485990
0	0	0	122798	0	0	0	0
0	0	0	97958	0	0	51019310	0
0	0	0	0	89830	0	0	0
0	0	0	0	188390	0	0	855790
0	0	0	89634	0	0	0	0
100970	0	0	0	0	0	0	0
0	0	0	0	97018	0	0	0
0	0	0	0	101242	0	0	0
0	0	0	143222	0	0	0	0
0	0	0	0	89974	0	0	0
0	0	0	0	0	0	0	16046902
0	0	0	0	0	0	0	8145598
0	0	0	0	142306	0	0	0
144304	0	0	0	0	0	0	0
0	0	0	97190	0	0	0	0
68058	0	0	0	0	0	0	0
132332	0	0	0	0	0	0	0
94524	0	0	0	0	0	0	0
75620	0	0	0	0	0	0	0
0	0	0	0	84982	0	0	0
0	0	0	125922	0	0	0	49950438
0	0	0	147446	0	0	0	0
0	0	0	0	401258	0	0	0
0	0	0	0	118654	0	0	0
0	0	0	232098	0	0	0	0
0	0	0	150050	0	0	0	0
102716	0	0	0	0	0	0	0
0	0	0	175030	0	0	0	0
0	0	0	0	102250	0	0	0
0	0	0	0	0	0	0	1883058
0	0	0	110502	0	0	0	0
110908	0	0	0	0	0	0	0
0	0	0	77746	0	0	0	0
0	167726	0	0	0	0	0	0
0	0	0	96890	0	0	0	0
0	0	0	248686	0	0	0	0
0	0	0	0	121838	0	0	0
0	0	0	4554302	0	0	0	0
0	0	0	0	97018	0	0	0
0	0	0	7495350	0	0	0	0
0	0	0	85610	0	0	0	0
398886	0	0	0	0	0	0	0
0	0	0	0	154342	0	0	0
221814	0	0	0	0	0	0	0
0	0	0	0	109182	0	0	0
80660	0	0	0	0	0	0	0
0	0	0	93034	0	0	0	0
0	0	0	232098	0	0	0	0
102086	0	0	0	0	0	0	0
0	0	0	143350	0	0	0	4221474
0	0	0	69422	0	0	0	0
0	0	0	0	130658	0	0	0
0	0	0	12471910	0	0	0	0
0	0	0	0	142306	0	0	0
0	0	0	0	0	0	0	1583922
126662	0	0	0	0	0	0	0
0	0	0	150378	0	0	0	0
17808148	0	0	0	0	0	0	0
119100	0	0	0	0	0	0	0
0	8335294	0	0	0	0	0	0
132332	0	0	0	0	0	0	0
0	0	0	0	0	0	0	404002
0	0	0	0	106106	0	0	0
0	0	0	0	155510	0	0	0
0	0	0	159342	0	0	0	0
0	0	0	0	0	0	4709230	0
0	0	0	0	76774	0	0	0
0	0	0	0	134882	0	0	0
99566	0	0	0	0	0	0	0
0	0	0	0	0	0	0	16927738
102716	0	0	0	0	0	0	0
100510	0	0	0	0	0	0	0
77510	45837950	0	0	0	0	0	0
0	0	0	0	125554	0	0	0
0	0	0	0	98154	0	0	0
0	0	0	9547366	0	0	0	0
0	0	0	0	191090	0	0	0
124772	0	0	0	0	0	0	0
0	0	0	147254	0	0	0	0
0	0	0	0	129890	0	0	0
0	0	0	0	0	0	17637054	0
0	0	0	88878	0	0	0	0
0	0	0	0	0	0	0	11873274
0	0	0	0	383854	0	0	0
798404	0	0	0	0	0	0	0
7072848	0	0	0	0	0	0	0
0	0	0	0	0	0	0	14928698
0	0	0	162746	0	0	0	0
0	0	0	0	0	0	0	8163054
96098	0	0	0	0	0	0	0
0	0	0	0	16186098	0	0	0
0	0	0	0	10656362	0	0	0
105552	0	0	0	0	0	0	0
0	0	0	155490	0	0	0	1486694
143674	0	0	0	0	0	0	0
304678	0	0	0	0	0	0	0
0	0	0	80566	0	0	0	0
0	0	0	0	88694	0	0	0
0	0	0	0	22445926	0	0	0
0	0	0	0	76390	0	0	0
0	0	0	0	0	0	0	4001634
0	0	0	0	229242	0	0	0
126976	0	0	0	0	0	0	0
0	0	0	0	147190	0	0	0
147142	0	0	0	0	0	0	0
0	0	0	0	118654	0	0	0
0	0	0	290406	0	0	0	0
0	0	0	0	192482	0	0	0
0	0	0	93930	0	0	0	0
0	0	0	257770	0	0	0	0
0	0	0	0	118766	0	0	0
0	0	0	0	0	0	0	2232038
0	0	0	1568358	0	0	0	0
0	0	0	0	84846	0	0	0
0	0	0	0	98166	0	0	0
131386	0	0	0	0	0	0	0
0	0	0	0	0	0	0	5004090
85702	0	0	0	0	0	0	0
172664	0	0	0	0	0	0	0
0	0	0	106238	0	0	0	0
0	0	0	0	72434	0	0	0
0	0	0	105086	0	0	0	0
0	0	0	0	76390	0	0	0
0	0	0	0	113518	0	0	0
0	0	0	0	105066	0	0	0
0	0	0	121790	0	0	0	0
0	0	0	0	109182	0	0	0
0	0	0	0	155510	0	0	0
136114	0	0	0	0	0	0	0
0	0	0	797674	0	0	0	0
134852	0	0	0	0	0	0	0
0	0	0	134962	0	0	0	0
118470	0	0	0	0	0	0	0
0	0	0	0	110186	0	0	0
0	0	0	0	126834	0	0	0
0	0	0	0	0	0	0	514682
279788	0	0	0	0	0	0	0
0	0	0	0	85606	0	0	0
0	0	0	183854	0	0	0	0
0	0	0	0	0	0	6217702	0
0	0	0	0	0	0	0	21084918
117840	0	0	0	0	0	0	0
2160168	0	0	0	0	0	0	0
80030	0	0	0	0	0	0	0
0	0	0	0	159358	0	0	0
0	0	0	0	171882	0	0	0
0	0	0	0	13283198	0	0	0
0	0	0	69422	0	0	0	1440566
0	0	0	0	98170	0	0	0
0	0	0	0	0	0	141886	0
0	0	0	143278	0	0	0	0
92634	0	0	0	0	0	0	0
0	0	0	0	97258	0	0	0
120360	0	0	0	0	0	0	0
138002	0	0	0	0	0	0	0
359816	0	0	0	0	0	0	0
119728	0	0	0	0	0	0	0
100826	0	0	0	0	0	0	0
0	0	0	0	125546	0	0	0
95154	0	0	0	0	0	0	0
64276	0	0	0	0	0	0	0
88852	0	0	0	0	0	0	0
90744	0	0	0	0	0	0	0
0	0	0	0	97126	0	0	0
0	0	0	253794	0	0	0	0
0	0	0	106038	0	0	0	0
119416	0	0	0	0	0	0	0
0	0	0	0	93182	0	0	0
0	0	0	0	102390	0	0	0
0	0	0	265902	0	0	0	0
0	0	0	0	85750	0	0	0
0	0	0	6658874	0	0	0	0
0	0	0	69614	0	0	0	0
308776	0	0	0	0	0	0	0
715856	0	0	0	0	0	0	0
0	0	0	0	121830	0	0	0
0	0	0	117730	0	0	0	0
0	0	0	0	5327470	0	0	0
124142	0	0	0	0	0	0	0
0	0	0	0	0	0	0	1097262
0	0	0	0	270178	0	0	0
0	0	0	0	109294	0	0	0
0	0	0	21732918	0	0	0	0
0	0	0	0	94066	0	0	0
92634	0	0	0	0	0	0	0
0	0	0	0	0	0	18070462	0
0	0	0	93810	0	0	0	0
0	0	0	0	0	0	0	1314682
166992	0	0	0	0	0	0	0
0	0	0	0	0	0	6921918	0
0	0	0	110194	0	0	0	0
0	0	0	0	437110	0	0	0
0	0	0	0	97126	0	0	0
166676	0	0	0	0	0	0	0
114058	0	0	0	0	0	0	0
0	0	0	14293946	0	0	0	0
124772	0	0	0	0	0	0	0
0	0	0	0	76386	0	0	0
0	0	0	0	162786	0	0	0
152496	0	0	0	0	0	0	0
105866	0	0	0	0	0	0	0
91374	0	0	0	0	0	0	0
0	0	0	0	102010	0	0	0
0	0	0	129658	0	0	0	0
139264	0	0	0	0	0	0	0
129182	0	0	0	0	0	0	0
0	0	0	89974	0	0	0	0
83812	0	0	0	0	0	0	0
0	0	0	0	113382	0	0	0
0	0	0	0	76794	0	0	0
115320	0	0	0	0	0	0	0
298062	0	0	0	0	0	0	0
116580	0	0	0	0	0	0	0
114058	0	0	0	0	0	0	0
0	0	0	89974	0	0	0	0
0	0	0	0	203506	0	0	0
0	0	0	0	1715066	0	0	0
0	4079486	0	0	0	0	0	0
0	0	0	0	147302	0	0	0
105234	0	0	0	0	0	0	0
0	0	0	0	81766	0	0	0
0	0	0	89974	0	0	0	0
0	0	0	137842	0	0	0	0
0	0	0	101030	0	0	0	0
0	0	0	441918	0	0	0	0
0	0	0	0	97906	0	0	0
0	0	0	76462	0	0	0	0
0	0	0	117282	0	0	0	0
0	0	0	76650	81894	0	0	0
0	0	0	0	122610	0	0	0
0	0	0	77614	0	0	0	0
0	0	0	1124906	1126378	0	0	0
156278	0	0	0	0	0	0	0
69000	0	0	0	0	0	0	0
100826	0	0	0	0	0	0	0
0	0	0	102182	0	0	0	0
158170	0	0	0	0	0	0	0
0	0	0	252850	2063334	0	0	0
0	0	0	76330	0	0	0	0
192198	0	0	0	0	0	0	0
0	0	0	147254	0	0	0	0
0	0	0	0	155622	0	0	0
0	0	0	0	0	0	0	211890
0	0	0	81722	0	0	0	0
87592	0	0	0	0	0	0	0
0	0	0	174634	0	0	0	0
0	0	0	0	80502	0	0	0
96412	0	0	0	0	0	0	0
74360	0	0	0	0	0	0	0
148718	0	0	0	0	0	0	0
156278	0	0	0	0	0	0	0
151236	0	0	0	0	0	0	0
0	0	0	0	188278	0	0	0
0	0	0	0	89966	0	0	0
0	0	0	0	0	0	2640822	0
0	0	0	0	90106	0	0	0
0	0	0	0	199650	0	0	0
0	0	0	0	135162	0	0	0
0	0	0	81470	0	0	0	0
0	0	0	0	109542	0	0	0
80660	0	0	0	0	0	0	0
0	0	0	110382	0	0	0	0
0	0	0	0	129894	0	0	0
145564	0	0	0	0	0	0	0
144934	0	0	0	0	0	0	0
0	0	0	0	105202	0	0	0
0	0	0	125482	0	0	0	0
0	0	0	0	183150	0	0	0
111538	0	0	0	0	0	0	0
111538	0	0	0	0	0	0	0
0	0	0	102314	0	0	0	0
0	0	0	0	81654	0	0	0
0	0	0	0	84590	0	0	0
0	0	0	187122	0	0	0	0
0	0	0	84966	0	0	0	0
0	0	0	0	1158014	0	0	0
0	0	0	0	97014	0	0	0
7948760	0	0	0	0	0	0	0
102716	0	0	0	0	0	0	0
0	0	0	0	0	0	0	20467302
150608	0	0	0	0	0	0	0
0	0	0	113594	0	0	0	0
0	0	0	0	158694	0	0	0
0	0	0	97210	0	0	0	0
0	0	0	80826	0	0	0	0
0	0	0	0	98026	0	0	0
0	0	0	0	126946	0	0	0
0	0	0	88890	0	0	0	0
0	0	0	105206	0	0	0	0
0	0	0	77426	0	0	0	0
0	0	0	0	0	0	22925118	0
177072	0	0	0	0	0	0	0
0	6450030	0	0	0	0	0	0
0	89854	0	0	0	0	0	0
178334	0	0	0	0	0	0	0
0	0	0	0	203362	0	0	0
0	0	0	0	125694	0	0	0
143360	0	0	0	0	0	0	0
0	0	0	93154	0	0	0	0
142414	0	0	0	0	0	0	0
0	0	0	0	179822	0	0	0
0	388846	0	0	0	0	0	0
126032	0	0	0	0	0	0	0
0	0	0	0	101114	0	0	0
0	0	0	0	171642	0	0	0
0	0	0	0	105330	0	0	0
0	0	0	0	827262	0	0	0
0	0	0	0	158694	0	0	0
0	1625070	0	0	0	0	0	0
5529600	0	0	0	0	0	0	0
0	0	0	129910	0	0	0	0
0	0	0	167526	0	0	0	0
139264	0	0	0	0	0	0	0
20847378	0	0	0	0	0	0	0
25109424	0	0	0	0	0	0	0
0	26114686	0	0	0	0	0	0
0	0	0	0	129778	0	0	0
131072	0	0	0	0	0	0	0
0	0	0	73530	0	0	0	0
0	0	0	0	117750	0	0	0
0	0	0	98294	0	0	0	0
0	0	0	100898	0	0	0	0
0	0	0	0	228090	0	0	0
0	0	0	0	151534	0	0	0
68686	0	0	0	0	0	0	0
0	0	0	89854	0	0	0	0
0	0	0	0	114282	0	0	0
126976	0	0	0	0	0	0	0
0	0	0	188138	0	0	0	0
0	0	0	0	129890	0	0	0
0	0	0	0	110458	0	0	0
0	0	0	3571426	0	0	0	0
0	0	0	0	0	0	0	6351550
21877052	0	0	0	0	0	0	0
0	0	0	122742	0	0	0	0
0	0	0	322410	0	0	0	0
96730	0	0	0	0	0	0	0
120360	0	0	0	0	0	0	0
0	0	0	178742	0	0	0	0
0	0	0	102334	0	0	0	0
0	0	0	0	110574	0	0	0
0	0	0	102182	0	0	0	0
0	0	0	118322	0	0	0	0
0	0	0	143278	0	0	0	0
0	0	0	150378	0	0	0	0
86648	0	0	0	0	0	0	0
0	0	0	0	97018	0	0	0
0	0	0	69614	0	0	0	0
0	0	0	0	97258	0	0	0
0	0	0	23194594	0	0	0	0
0	0	0	437218	0	0	0	0
90112	0	0	0	0	0	0	0
0	0	0	0	0	0	0	904814
141784	0	0	0	0	0	0	0
101456	0	0	0	0	0	0	0
0	0	0	0	106106	0	0	0
0	0	0	122422	0	0	0	815018
78140	0	0	0	0	0	0	0
0	0	0	0	0	0	0	1150694
99250	0	0	0	0	0	0	0
2264458	0	0	0	0	0	0	0
0	0	0	0	106234	0	0	0
0	0	0	0	195322	0	0	0
141154	0	0	0	0	0	0	0
0	0	0	0	101098	0	0	0
0	0	0	0	98026	0	0	0
0	0	0	139254	0	0	34020086	0
0	0	0	0	113398	0	0	0
107128	0	0	0	0	0	0	0
70576	0	0	0	0	0	0	0
102716	0	0	0	0	0	0	0
0	0	0	0	117502	0	0	0
0	0	0	0	0	0	15986422	0
148718	0	0	0	0	0	0	0
0	0	0	0	118654	0	0	0
0	0	0	0	141922	0	0	0
0	0	0	126762	0	0	0	0
133592	0	0	0	0	0	0	0
0	0	0	131062	0	0	0	0
0	0	0	0	338530	0	0	0
0	0	0	486250	0	0	0	0
0	0	0	0	90086	0	0	0
158482	0	0	0	0	0	0	0
0	0	0	187006	0	0	0	0
0	0	0	0	0	0	0	1526778
93894	0	0	0	127553270	0	0	0
219922	0	0	0	0	0	0	0
3375104	0	0	0	0	0	0	0
0	0	0	0	229226	0	0	0
0	0	0	0	85606	0	0	0
0	0	0	130622	0	0	0	0
0	0	0	159342	0	0	0	0
0	0	0	0	118654	0	0	0
0	0	0	0	167538	0	0	0
149976	0	0	0	31365738	0	0	0
0	0	0	141942	0	0	0	0
89482	0	0	0	0	0	0	0
0	0	0	0	88694	0	0	66649010
0	0	0	121646	0	0	0	0
0	0	0	0	125554	0	0	0
0	0	0	0	113662	0	0	0
0	0	0	0	0	0	0	1014462
0	0	0	0	162546	0	0	0
0	0	0	85998	0	0	0	0
0	0	0	0	122598	0	0	0
0	0	0	88698	0	0	0	0
0	0	0	77366	0	0	0	0
158798	0	0	0	0	0	0	0
0	0	0	0	88694	0	0	0
229376	0	0	0	0	0	0	0
139264	0	0	0	0	0	0	0
0	0	0	170810	0	0	0	0
0	0	0	0	105058	0	0	0
0	0	0	22149754	0	0	37969574	0
0	0	0	1302370	1309682	0	0	0
0	0	0	0	0	0	0	810662
0	0	0	0	97258	0	0	0
0	0	0	6269734	0	0	0	0
0	0	0	0	0	0	0	945902
105236	0	0	0	0	0	0	0
0	0	0	0	85606	0	0	0
90112	0	0	0	0	0	0	0
186842	0	0	0	0	0	0	0
141784	0	0	0	0	0	0	0
0	0	0	0	77554	0	0	0
0	0	0	88822	0	0	0	0
1156334	0	0	0	0	0	0	0
369902	0	0	0	0	0	0	0
122764052	0	0	110502	0	0	0	0
114676028	0	0	0	0	0	0	19303226
0	0	0	175990	0	0	0	0
101140	0	0	0	0	0	0	0
0	0	0	0	137970	0	0	0
0	0	0	0	200418	0	0	0
0	0	0	131062	0	0	0	0
0	0	0	21720046	0	0	0	0
160690	0	0	0	31780458	0	0	0
4920240	0	0	0	0	0	0	0
0	0	0	0	0	0	0	2359022
3344856	0	0	0	0	0	0	0
0	0	0	0	4639598	0	0	0
123510	0	0	0	0	0	0	0
73096	0	0	0	0	0	0	0
12371812	0	0	159534	0	0	0	0
0	0	0	0	203506	0	0	0
0	0	0	0	0	0	0	1613738
0	0	0	199202	0	0	0	0
0	0	0	0	339946	0	0	0
130442	0	0	0	0	0	0	0
0	0	0	0	326626	0	0	0
0	0	0	130942	0	0	0	0
0	0	0	93166	0	0	0	0
0	0	0	0	146290	0	0	0
0	0	0	12345206	0	0	0	0
0	0	0	0	0	0	0	68130
0	0	0	0	96874	0	0	0
114374	0	0	0	0	0	0	0
248282	0	0	0	0	0	0	13729658
107128	0	0	0	0	0	0	0
0	0	0	11615970	0	0	0	0
0	0	0	154354	0	0	0	0
0	0	0	0	0	0	0	397306
0	0	0	302014	0	0	0	0
0	0	0	69614	0	0	0	0
0	0	0	0	155502	0	0	0
0	0	0	0	106346	0	0	0
245130	0	0	0	0	0	0	0
216144	0	0	0	0	0	0	0
0	0	0	0	151422	0	0	0
0	0	0	0	162550	0	0	0
0	0	0	89022	0	0	0	822066
0	0	0	0	0	0	0	2271862
83812	0	0	0	0	0	0	0
0	0	0	0	122594	0	0	0
0	0	0	0	133730	0	0	0
0	0	0	0	113634	0	0	0
0	0	0	0	105066	0	0	0
0	0	0	0	0	0	0	2866026
71998226	0	0	0	131042	0	0	0
80660	0	0	0	0	0	0	0
0	0	0	0	0	0	0	290542
111538	0	0	0	0	0	0	0
0	0	0	0	0	0	20385342	0
0	0	0	187122	0	0	0	0
0	0	0	188410	142962	0	0	0
0	0	0	106038	0	0	0	0
0	0	0	228094	0	0	0	0
1785856	0	0	0	0	0	0	0
0	0	0	0	183142	0	0	0
147456	0	0	0	0	0	0	0
0	0	0	69294	0	0	0	0
0	0	0	155510	0	0	0	0
155016	0	0	0	0	0	0	0
0	0	0	0	171002	0	0	0
113744	0	0	0	0	0	0	0
3789116	0	0	0	0	0	0	0
0	0	0	0	113634	0	0	0
0	0	0	0	122486	0	0	0
0	0	0	0	0	0	0	19184490
79086	0	0	0	0	0	0	0
0	0	0	0	118510	0	0	0
0	0	0	0	223862	0	0	0
0	0	0	93798	0	0	0	0
142728	0	0	0	0	0	0	0
0	0	0	0	93938	0	0	0
134852	0	0	0	0	0	0	0
0	0	0	89654	0	0	0	0
76880	0	0	0	0	0	0	0
0	0	0	0	0	0	0	229290
0	0	0	0	126822	0	0	0
127292	0	0	0	0	0	0	0
90744	0	0	0	0	0	0	0
7743960	0	0	0	0	0	25677550	0
0	0	0	72638	0	0	0	0
0	0	0	114490	0	0	0	0
109787610	0	0	0	81894	0	0	0
0	0	0	0	101114	0	0	0
144936	0	0	0	0	0	0	0
104606	0	0	0	0	0	0	3657330
5367966	0	0	0	118654	0	0	0
0	0	0	0	0	0	15433278	0
72154	0	0	0	0	0	0	0
115950	0	0	0	0	0	0	0
0	0	0	0	146146	0	0	0
0	0	0	0	117374	0	0	0
0	0	0	0	76658	0	0	0
112798	0	0	0	0	0	0	0
0	0	0	126698	0	0	0	0
0	0	0	0	122494	0	0	0
0	0	0	0	93030	0	0	0
0	0	0	0	89974	0	0	0
0	0	0	0	88818	0	0	0
0	0	0	0	3980910	0	0	0
138002	0	0	0	0	0	0	0
0	0	0	0	133730	0	0	0
203538	0	0	0	0	0	0	0
0	0	0	0	109438	0	0	0
0	0	0	0	0	0	0	5148530
0	0	0	4635506	0	0	0	0
0	0	0	0	97258	0	0	0
0	0	0	117734	0	0	0	0
0	0	0	118766	0	0	0	0
0	0	0	0	122606	0	0	0
0	0	0	0	122494	0	0	0
0	0	0	0	166882	0	0	0
0	0	0	0	143338	0	0	0
0	0	0	151146	0	0	0	0
189048	0	0	0	0	0	0	0
96414	0	0	130870254	0	0	0	0
0	0	0	0	130034	0	0	0
68372	0	0	0	0	0	0	0
0	20871918	0	0	0	0	0	0
0	0	0	0	121598	0	0	0
0	0	0	0	133882	0	0	0
0	0	0	0	98150	0	0	0
0	0	0	0	109438	0	0	0
0	0	0	0	3496566	0	0	0
83182	0	0	0	0	0	0	0
0	0	0	0	0	0	0	814830
76880	0	0	0	0	0	0	0
87592	0	0	0	0	0	0	0
0	0	0	0	139250	0	0	0
0	0	0	167730	0	0	0	0
0	0	0	0	106474	0	0	0
0	0	0	0	211570	0	0	0
0	0	0	188278	0	0	0	0
0	0	0	69422	0	0	0	0
78456	0	0	0	0	0	0	0
0	0	0	138934	0	0	0	0
0	0	0	0	318462	0	0	0
0	0	0	0	0	0	0	1392614
0	0	0	134114	0	0	0	0
0	0	0	106490	0	0	0	0
0	0	0	0	179962	0	0	0
149348	0	0	0	0	0	0	0
0	0	0	0	81654	0	0	0
0	0	0	76462	0	0	0	0
0	0	0	0	133730	0	0	0
14799794	0	0	0	0	0	0	0
179594	0	0	0	0	0	0	0
0	0	0	84834	0	0	0	0
0	0	0	68138	0	0	0	0
0	0	0	69294	0	0	0	0
0	0	0	0	88694	0	0	0
0	0	0	77614	0	0	0	0
14357424	0	0	0	0	0	0	0
0	0	0	0	92778	0	0	0
0	0	0	0	0	0	0	1531430
0	0	0	0	0	0	0	26148786
94522	0	0	0	0	0	0	0
0	0	0	93798	0	0	0	0
0	0	0	162558	0	0	0	0
0	0	0	0	158454	0	0	0
0	0	0	69542	0	0	0	0
219922	0	0	0	0	0	0	0
0	0	0	0	113662	0	0	0
97044	0	0	0	0	0	0	0
0	0	0	0	143202	0	0	0
0	0	0	0	15469166	0	0	0
0	0	0	0	93166	0	0	0
0	0	0	0	0	0	0	13589354
204168	0	0	0	0	0	0	0
0	0	0	0	139106	0	0	0
0	0	0	0	139134	0	0	0
0	0	0	0	174826	0	0	0
0	0	0	0	195554	0	0	0
0	0	0	0	130034	0	0	0
268444	0	0	0	0	0	0	0
180224	0	0	25521122	0	0	0	0
0	0	0	0	93182	0	0	5799550
0	0	0	0	0	0	0	864050
80660	0	0	0	0	0	0	0
0	0	0	0	0	0	0	940978
0	0	0	69422	0	0	0	0
0	0	0	126886	0	0	0	0
138632	0	0	0	0	0	0	0
0	0	0	0	0	0	0	200570
0	0	0	0	130034	0	0	0
0	0	0	0	188022	0	0	0
0	0	0	0	76662	0	0	0
0	0	0	0	106346	0	0	0
146194	0	0	0	0	0	0	0
101456	0	0	0	0	0	0	0
0	0	0	0	105078	0	0	17545778
0	0	0	0	101098	0	0	0
0	0	0	0	77414	0	0	0
0	0	0	0	106106	0	0	0
0	0	0	0	204786	0	0	0
98936	0	0	0	0	0	0	0
88536	0	0	0	0	0	0	0
0	0	0	0	4729578	0	0	0
0	0	0	114490	0	0	0	0
0	0	0	134958	0	0	0	0
0	0	0	0	0	0	24574966	0
127922	0	0	0	0	0	0	0
0	0	0	0	125550	0	0	0
0	0	0	0	85606	0	0	0
0	0	0	0	0	0	0	80702
0	0	0	102194	0	0	0	0
0	0	0	233134	0	0	0	0
0	0	0	0	130034	0	0	0
0	0	0	0	73706	0	0	0
0	0	0	0	130658	0	0	0
0	0	0	0	118374	0	0	0
93264	0	0	0	0	0	0	0
0	0	0	0	0	0	0	25610978
0	0	0	0	0	0	0	20619070
0	0	0	24226474	0	0	0	0
0	0	0	203506	0	0	0	0
0	0	0	0	113518	0	0	0
0	0	0	208806	0	0	155510	0
81290	0	0	0	0	0	0	0
0	0	0	0	188142	0	0	0
0	0	0	84834	0	0	0	0
19744610	0	0	0	0	0	0	0
133592	0	0	0	0	0	0	0
0	0	0	134958	0	0	0	0
211100	0	0	0	0	0	0	0
0	0	0	0	0	0	0	9318194
0	0	0	125802	0	0	0	0
0	0	0	0	101242	0	0	0
131386	0	0	0	0	0	0	0
6265304	0	0	0	0	0	0	0
0	0	0	0	93162	0	0	0
0	0	0	0	211830	0	0	0
0	0	0	0	0	0	24959718	0
0	0	0	196322	0	0	0	0
0	0	0	0	0	0	11516470	0
76880	0	0	0	0	0	0	0
101456	0	0	0	0	0	0	0
134222	0	0	0	0	0	0	0
164472	0	0	0	0	0	0	0
170772	0	0	0	0	0	0	0
0	0	0	0	89974	0	0	0
0	0	0	0	1538914	0	0	0
0	0	0	98150	0	0	0	0
0	0	0	84966	0	0	0	0
165102	0	0	0	0	0	0	0
0	0	0	5610298	0	0	0	0
129498	0	0	0	0	0	0	0
86016	0	0	0	0	0	0	0
0	0	0	0	0	0	0	421606
0	0	0	0	155366	0	0	0
0	0	0	0	179818	0	0	0
0	0	0	0	96874	0	0	0
104606	0	0	0	0	0	0	0
0	0	0	0	150514	0	0	0
134536	0	0	0	0	0	0	0
0	0	0	113206	0	0	0	0
143360	0	0	0	0	0	0	0
0	0	0	0	88694	0	0	0
0	0	0	0	154478	0	0	0
0	0	0	0	106346	0	0	0
1359242	0	0	0	0	0	0	1371762
0	0	0	0	15634290	0	0	0
207634	0	0	0	0	0	0	0
0	0	0	89854	0	0	0	0
104922	0	0	0	0	0	0	0
0	0	0	0	101242	0	0	0
93894	0	0	0	0	0	0	0
0	0	0	0	117502	0	0	0
0	0	0	200486	0	0	0	0
113114	0	0	0	0	0	0	0
0	0	0	183150	0	0	0	0
0	0	0	0	96874	0	0	0
0	0	0	0	113662	0	0	0
0	0	0	122622	0	0	0	0
228744	0	0	0	0	0	0	0
124772	0	0	0	0	0	0	0
0	0	0	84966	0	0	0	0
0	0	0	76330	0	0	0	0
0	0	0	0	93034	0	0	0
0	0	0	129910	0	0	0	0
97360	0	0	0	0	0	0	0
0	0	0	0	121838	0	0	0
0	0	0	503598	0	0	0	0
0	0	0	106338	0	0	0	0
0	0	0	106038	0	0	0	0
92004	0	0	0	0	0	0	0
0	0	0	93798	0	0	0	0
74358	0	0	0	0	0	0	0
0	0	0	220858	0	0	0	0
0	0	0	72638	0	0	0	0
0	0	0	5013054	0	0	0	0
0	0	0	0	118510	0	0	0
0	0	0	0	179966	0	0	0
115004	0	0	0	0	0	0	0
0	0	0	0	0	0	0	15175278
81920	0	0	0	0	0	0	0
132016	0	0	0	0	0	0	0
0	0	0	195314	0	0	0	0
0	0	0	0	114534	0	0	0
114058	0	0	0	0	0	0	0
163840	0	0	0	0	0	0	0
173292	0	0	0	0	0	0	0
109648	0	0	0	0	0	0	0
0	0	0	0	130938	0	0	0
0	0	0	0	146146	0	0	0
0	0	0	0	110438	0	0	0
0	0	0	0	25164786	0	0	0
191568	0	0	0	0	0	0	0
0	0	0	0	97126	0	0	0
121620	0	0	0	0	0	0	0
417160	0	0	0	0	0	0	0
0	0	0	0	191202	0	0	0
0	0	0	0	126690	0	0	0
0	0	0	0	237554	0	0	0
116580	0	0	0	33001334	0	0	0
0	0	0	0	113662	0	0	0
0	0	0	0	137970	0	0	0
0	0	0	125614	0	0	0	0
0	0	0	0	106234	0	0	0
0	0	0	0	0	0	1899326	0
0	0	0	101346	125554	0	0	0
2073838	0	0	0	0	0	0	0
0	0	0	0	117614	0	0	0
0	0	0	106018	0	0	0	0
0	0	0	0	93162	0	0	72060774
0	0	0	0	129890	0	0	0
0	0	0	163710	0	0	0	0
0	0	0	0	98026	0	0	0
77510	0	0	0	0	0	0	0
6188740	0	0	0	0	0	0	0
0	0	0	0	121710	0	0	0
0	0	0	84834	0	0	0	0
0	19193726	0	0	0	0	0	0
0	0	0	0	142330	0	0	0
0	0	0	0	134770	0	0	0
0	0	0	0	94206	0	0	0
5170414	0	0	0	0	0	0	0
9660888	0	0	0	0	0	0	0
0	0	0	118322	0	0	0	0
0	0	0	0	154342	0	0	0
212992	7641854	0	0	0	0	0	0
98304	0	0	0	0	0	0	0
0	0	0	179938	0	0	0	0
0	0	0	0	0	0	0	15167038
0	0	0	0	109182	0	0	0
73098	0	0	0	0	0	0	0
0	0	0	0	142194	0	0	0
0	0	0	129658	0	0	0	0
0	0	0	93798	0	0	0	0
0	0	0	158698	0	0	0	0
0	0	0	0	155366	0	0	0
103976	0	0	0	0	0	0	0
0	0	0	0	192226	0	0	0
0	0	0	0	188134	0	0	0
116580	0	0	0	0	0	0	0
0	0	0	0	106482	0	0	0
0	0	0	0	253566	0	0	0
0	0	0	0	122878	0	0	0
0	0	0	89706	0	0	0	0
0	0	0	0	221046	0	0	0
85072	0	0	0	0	0	0	0
169510	0	0	0	0	0	0	0
182744	0	0	0	0	0	0	0
137372	0	0	0	0	0	0	0
0	0	0	0	0	0	122878	0
0	0	0	0	97122	0	0	0
93894	0	0	0	0	0	0	0
123826	0	0	0	0	0	0	0
222946	0	0	0	0	0	0	0
128238	0	0	0	0	0	0	0
0	0	0	0	90106	0	0	0
0	0	0	0	131058	0	0	0
0	0	0	72626	0	0	0	0
104922	0	0	0	0	0	0	0
0	0	0	0	100962	0	0	0
0	0	0	105394	0	0	0	0
0	0	0	0	3514218	0	0	3551026
0	0	0	145970	0	0	0	0
281050	0	0	0	0	0	0	0
105866	0	0	0	0	0	0	0
0	0	0	117602	0	0	0	0
0	0	0	154218	0	0	0	0
0	0	0	141986	0	0	0	0
68686	0	0	0	0	0	0	0
0	0	0	89954	0	0	0	0
186524	0	0	0	0	0	0	0
0	0	0	0	14638830	0	0	0
0	0	0	0	80630	0	0	0
0	0	0	0	106366	0	0	0
0	0	0	0	134114	0	0	0
136112	0	0	0	0	0	0	0
0	0	0	0	147426	0	0	0
0	0	0	174754	0	0	0	0
0	0	0	0	121710	0	0	0
0	0	0	0	302706	0	0	0
0	0	0	0	93166	0	0	0
113428	0	0	0	0	0	0	0
156278	0	0	0	0	0	0	0
0	0	0	11247610	0	0	0	0
107758	0	0	0	0	0	0	0
133908	0	0	0	0	0	0	0
0	0	0	0	200430	0	0	0
0	0	0	84714	0	0	0	0
0	0	0	0	109182	0	0	0
0	0	0	0	98150	0	0	0
0	0	0	0	73570	0	0	0
0	0	0	0	0	0	0	10066874
0	0	0	93998	0	0	0	0
0	0	0	0	122606	0	0	0
140208	0	0	0	0	0	0	0
112798	0	0	0	0	0	0	0
191568	0	0	0	0	0	0	0
252062	0	0	0	0	0	0	0
129812	0	0	0	0	0	0	0
138002	95570798	0	0	0	0	0	0
0	0	0	0	0	0	5332654	110770994
0	0	0	0	416374	0	0	0
114058	0	0	0	0	0	0	0
0	0	0	97142	0	0	0	0
0	0	0	0	134754	0	0	0
0	0	0	0	106366	0	0	0
169198	0	0	0	0	0	0	0
0	0	0	0	105326	0	0	0
225912	0	0	0	0	0	0	0
0	0	0	0	0	0	142062	0
0	0	0	0	89830	0	0	0
0	0	0	286710	0	0	0	0
0	0	0	0	109550	0	0	0
0	0	0	0	84582	0	0	0
0	0	0	552558	0	0	0	0
316338	0	0	0	0	0	0	0
0	0	0	0	0	0	0	3161770
104606	0	0	0	0	0	0	0
143044	0	0	0	0	0	0	0
0	0	0	0	211582	0	0	0
0	0	0	232302	0	0	0	0
9267674	0	0	0	0	0	0	0
102086	0	0	0	0	0	0	0
0	0	0	73270	0	0	0	0
0	10963630	0	0	0	0	0	0
106496	0	0	0	0	0	0	0
0	0	0	102062	0	0	0	0
0	0	0	122874	0	0	0	0
0	0	0	114490	0	0	0	0
246392	0	0	0	0	0	0	0
138002	0	0	0	0	0	0	0
147770	0	0	0	0	0	0	0
0	0	0	0	171770	0	0	0
0	0	0	0	129786	0	0	0
0	0	0	0	89702	0	0	0
0	0	0	98106	0	0	0	0
0	0	0	0	0	0	0	11198326
101456	0	0	0	0	0	0	0
0	0	0	0	114674	0	0	0
0	0	0	0	142962	0	0	0
105866	0	0	0	0	0	0	0
165100	0	0	0	0	0	0	0
0	0	0	0	106346	0	0	0
0	0	0	109350	0	0	0	0
0	0	0	0	84606	0	0	0
110908	0	0	0	0	0	0	0
124142	0	0	0	0	0	0	0
0	0	0	105074	0	0	0	0
105236	0	0	0	0	0	0	0
144934	0	0	0	0	0	0	0
0	0	0	0	0	0	0	7822254
6807868	0	0	0	0	0	0	0
0	0	0	0	0	0	0	821866
156908	0	0	0	0	0	0	0
19908452	0	0	0	0	0	0	0
256474	0	0	0	0	0	0	0
0	0	0	106238	0	0	0	0
263404	0	0	0	0	0	0	0
0	0	0	0	77822	0	0	5413862
0	0	0	0	139242	0	0	0
81920	0	0	0	0	0	0	0
0	0	0	0	0	0	0	572350
826130	0	0	0	0	0	0	0
76878	0	0	0	0	0	0	0
0	0	0	667558	129778	0	0	0
0	0	0	85678	0	0	0	0
0	0	0	0	121442	0	0	0
0	0	0	117734	0	0	0	0
0	0	0	0	109438	0	0	0
0	0	0	22249142	0	0	0	0
122250	0	0	0	0	0	0	0
0	0	0	208806	0	0	0	0
0	0	0	0	84606	0	0	0
0	0	0	0	76390	0	0	0
0	0	0	0	81890	0	0	0
0	0	0	0	129786	0	0	0
0	0	0	0	293866	0	0	0
0	0	0	0	155366	0	0	0
0	0	0	0	289790	0	0	0
0	0	0	0	0	0	0	15362982
0	0	0	0	143090	0	0	0
101456	0	0	0	0	0	0	0
289240	0	0	0	0	0	0	0
0	0	0	0	129894	0	0	0
0	0	0	0	77666	0	0	0
185896	0	0	0	0	0	0	0
0	0	0	84834	0	0	0	0
0	0	0	0	89718	0	0	0
0	0	0	76330	0	0	0	0
0	0	0	0	85630	0	0	0
0	84542	0	0	0	0	0	0
0	0	0	0	85602	0	0	0
0	0	0	0	109302	0	0	0
96100	0	0	0	0	0	0	0
0	0	0	0	106102	0	0	0
0	0	0	106038	0	0	0	0
0	0	0	97142	0	0	0	0
0	0	0	106170	0	0	0	0
0	121470	0	0	0	0	0	0
0	0	0	260730	0	0	0	0
0	0	0	143270	0	0	0	0
0	0	0	0	102254	0	0	0
0	0	0	0	122610	0	0	0
118784	0	0	0	0	0	0	0
80030	0	0	0	0	0	0	0
0	0	0	0	424806	0	0	0
0	0	0	0	113262	0	0	0
4288826	0	0	0	0	0	0	0
0	0	0	0	138210	0	0	0
0	0	0	0	76658	0	0	0
0	0	0	77614	0	0	0	0
0	0	0	0	0	0	0	2826026
0	0	0	129778	0	0	0	0
0	0	0	98294	0	0	0	0
129812	0	0	0	0	0	0	0
0	0	0	0	199278	0	0	0
96414	0	0	0	0	0	0	0
0	0	0	0	219874	0	0	0
0	21749694	0	0	0	0	0	0
0	0	0	0	126834	0	0	0
4291976	0	0	0	0	0	0	0
126662	0	0	0	0	0	0	0
114688	0	0	0	0	0	0	0
0	0	0	133674	0	0	0	0
0	0	0	93154	0	0	0	0
0	0	0	121590	0	0	0	0
0	0	0	0	356334	0	0	0
0	0	0	0	753274	0	0	0
0	0	0	4603574	0	0	0	0
0	0	0	0	163450	0	0	0
0	0	0	0	93802	0	0	0
0	0	0	0	0	0	0	8281910
82552	0	0	0	0	0	0	0
90744	0	0	0	0	0	0	0
0	0	0	0	139254	0	0	0
159114	0	0	0	0	0	0	0
0	0	0	0	126970	0	0	0
116580	0	0	0	0	0	0	0
415902	0	0	0	0	0	0	0
129812	0	0	0	0	0	45399662	0
0	0	0	0	121830	0	0	0
0	0	0	113206	0	0	0	0
0	0	0	7540526	0	0	0	0
110278	0	0	0	0	0	0	0
222130	0	0	0	0	0	0	0
0	0	0	166754	0	0	0	0
265608	0	0	0	0	0	0	0
0	0	0	93154	0	0	0	0
236306	0	0	0	0	0	0	0
0	0	0	0	80746	0	0	0
0	0	0	102314	0	0	0	0
104604	0	0	0	0	0	0	0
0	0	0	154226	0	0	0	0
97044	0	0	0	0	0	0	0
236938	0	0	0	0	0	0	0
0	0	0	72638	0	0	0	0
0	0	0	0	96894	0	0	0
92004	0	0	0	0	0	0	0
0	0	0	80626	0	0	0	0
107442	0	0	0	0	0	0	0
0	0	0	0	81894	0	0	0
94072	0	0	0	0	0	0	0
0	0	0	68142	0	0	0	0
0	0	0	109218	0	0	0	0
0	0	0	740970	0	0	0	0
0	0	0	0	105202	0	0	0
0	0	0	0	143202	0	0	0
0	0	0	0	180086	0	0	0
317598	0	0	0	0	0	0	0
0	0	0	81634	0	0	0	0
0	0	0	106238	0	0	0	0
0	0	0	0	183266	0	0	0
180854	0	0	0	0	0	0	0
91374	0	0	0	0	0	0	0
0	0	0	118766	0	0	0	0
0	0	0	147134	0	0	0	0
0	0	0	0	0	0	0	129850
0	0	0	0	174718	0	0	0
0	0	0	0	139242	0	0	0
88222	0	0	0	0	0	0	0
41752102	0	0	240170	0	0	102358838	0
0	0	0	228926	0	0	0	0
0	0	0	0	84982	0	0	0
0	0	0	89954	0	0	0	0
0	5016254	0	0	0	0	0	0
107756	0	0	0	0	0	0	0
0	0	0	122722	0	0	66231998	0
86962	0	0	0	0	0	0	0
69948	0	0	0	0	0	0	0
94524	0	0	0	0	0	0	0
0	0	0	146162	0	0	0	0
0	0	0	0	0	0	0	2775798
0	0	0	102194	0	0	0	0
0	0	0	375738	0	0	0	0
0	0	0	101030	0	0	0	0
133276	0	0	0	0	0	0	0
0	0	0	0	101098	0	0	0
0	0	0	0	94050	0	0	0
0	0	0	105394	0	0	0	0
88852	0	0	0	0	0	0	0
0	0	0	0	163826	0	0	0
0	0	0	0	97142	0	0	0
115950	0	0	0	0	0	0	0
117210	0	0	0	0	0	0	0
64592	0	0	0	0	0	0	0
0	0	0	114402	0	0	0	0
0	0	0	97142	0	0	0	0
0	0	0	0	109286	0	0	0
3328474	0	0	0	0	0	0	0
109018	0	0	0	0	0	0	0
225596	0	0	0	0	0	0	0
74990	0	0	0	0	0	0	0
0	0	0	2617066	0	0	0	0
0	0	0	0	105466	0	0	0
0	0	0	203386	0	0	0	0
0	0	0	0	130018	0	0	0
0	0	0	0	0	0	0	1941178
102086	0	0	0	0	0	0	0
628264	638910	0	125602	0	0	0	0
0	0	0	0	121726	0	0	0
0	0	0	0	114430	0	0	0
0	0	0	0	0	0	0	863090
0	0	0	0	151422	0	0	0
0	0	0	0	0	0	1809342	0
102086	0	0	0	0	0	0	0
0	0	0	0	257762	0	0	0
0	0	0	395938	117482	0	0	0
122250	0	0	0	0	0	0	0
0	0	0	0	129778	0	0	0
0	0	0	0	81766	0	0	0
0	0	0	0	97890	0	0	0
0	0	0	0	81766	0	0	0
0	0	0	141994	0	0	0	0
0	0	0	0	101986	0	0	0
129812	0	0	0	0	0	0	0
75934	0	0	0	0	0	0	0
0	0	0	0	14764778	0	0	0
0	0	0	105406	0	0	0	0
0	0	0	0	109438	0	0	0
69002	0	0	0	0	0	0	0
0	0	0	0	72434	0	0	0
0	0	0	3125158	0	0	0	0
114058	0	0	0	0	0	0	0
0	0	0	0	187258	0	0	0
0	0	0	80438	0	0	0	0
89798	0	0	0	0	0	0	0
0	0	0	219774	0	0	0	0
0	0	0	232102	0	0	0	0
263404	0	0	0	0	0	0	0
197868	0	0	0	0	0	0	0
0	0	0	0	121710	0	0	0
0	0	0	0	0	0	0	14113646
0	0	0	0	101354	0	0	0
0	0	0	0	90106	0	0	0
73728	0	0	0	0	0	0	0
0	0	0	244466	0	0	0	0
0	0	0	73470	0	0	0	0
4537422	0	0	0	0	0	0	0
0	0	0	0	0	0	5941934	0
0	0	0	368162	0	0	0	0
127922	0	0	0	0	0	0	0
121936	0	0	0	0	0	0	0
88852	0	0	0	0	0	0	0
0	0	0	137850	0	0	0	0
0	0	0	0	11074538	0	0	0
0	0	0	0	90106	0	0	0
0	0	0	0	0	0	0	3562230
151552	0	0	0	0	0	0	0
0	0	0	0	126690	0	0	0
0	0	0	105206	0	0	0	0
0	0	0	125922	0	0	0	0
5909584	0	0	0	0	0	0	0
0	0	0	0	150518	0	0	0
0	0	0	96890	0	0	0	0
0	100535934	0	0	76794	0	0	0
161950	0	0	0	0	0	0	0
9389606	0	0	0	0	0	0	0
163840	0	0	0	0	0	0	0
0	0	0	0	142194	0	0	0
0	0	0	0	134882	0	0	0
168250	0	0	0	0	0	0	0
0	0	0	0	0	0	8461046	0
156908	0	0	0	0	0	0	0
0	0	0	89954	0	0	0	0
172032	0	0	0	0	0	0	0
0	0	0	0	129662	0	0	0
0	0	0	0	1215354	0	0	0
0	0	0	0	138210	0	0	0
0	0	0	0	135014	0	0	0
0	0	0	793402	0	0	0	0
8343866	0	0	0	0	0	0	0
76248	0	0	0	0	0	0	0
8411294	0	0	174634	0	0	0	0
0	0	0	0	167786	0	0	0
0	0	0	0	117362	0	0	0
0	0	0	0	118650	0	0	0
342488	0	0	0	0	0	0	0
0	0	0	96822	0	0	0	0
112798	0	0	0	0	0	0	0
148088	0	0	0	0	0	0	0
157540	0	0	0	0	0	0	0
0	109486	0	0	0	0	0	0
0	0	0	55966262	163686	0	0	0
0	0	0	0	0	0	11729910	0
0	0	0	0	159602	0	0	0
0	0	0	0	0	0	15654574	0
0	0	0	0	183142	0	0	0
192512	0	0	0	0	0	0	0
0	0	0	0	0	0	5975846	0
196608	0	0	0	0	0	0	0
149032	0	0	0	0	0	0	0
0	0	0	158698	0	0	0	0
0	0	0	4360738	0	0	0	0
350364	0	0	0	0	0	0	0
0	0	0	0	311018	0	0	0
124142	0	0	0	0	0	0	0
0	0	0	0	293622	0	0	0
0	0	0	0	163562	0	0	0
0	0	0	0	77558	0	0	0
219922	0	0	0	0	0	0	0
215512	0	0	0	0	0	0	0
0	0	0	0	0	0	0	18190330
0	0	0	98294	0	0	0	0
0	0	0	2992682	0	0	0	0
0	0	0	0	89982	0	0	0
0	0	0	0	102262	0	0	0
110908	0	0	0	0	0	0	0
126676048	0	0	0	93166	0	0	0
0	0	0	0	88818	0	0	0
98304	0	0	0	0	0	0	0
120360	0	0	0	0	0	0	0
0	0	0	0	0	0	10185462	0
106182	0	0	0	0	0	0	0
132332	0	0	0	0	0	0	0
0	0	0	192230	0	0	0	0
0	0	0	0	97018	0	0	0
0	0	0	0	17960698	0	0	0
0	0	0	0	0	0	0	5611050
0	0	0	98174	0	0	0	0
0	0	0	0	88694	0	0	0
0	0	0	154358	0	0	0	0
284828	0	0	0	0	0	0	0
0	0	0	0	126714	0	0	0
0	0	0	0	84582	0	0	0
0	0	0	0	155362	0	0	0
0	0	0	147006	0	0	0	0
0	0	0	88702	0	0	0	0
0	0	0	0	113526	0	0	0
0	0	0	17201918	0	0	0	17239778
0	0	0	0	646758	0	0	0
0	0	0	113594	0	0	0	0
158800	0	0	0	0	0	0	0
0	0	0	141994	0	0	0	0
42579496	0	0	0	2498550	0	0	0
0	0	0	0	138090	0	0	0
0	0	0	0	97014	0	0	0
0	0	0	0	294758	0	0	0
0	0	0	0	109430	0	0	0
129818	0	0	0	0	0	0	0
0	0	0	0	81890	0	0	0
0	0	0	0	93938	0	0	0
0	0	0	0	122598	0	0	0
0	0	0	0	122598	0	0	0
0	0	0	0	129906	0	0	0
0	0	0	121790	0	0	0	0
0	0	0	0	203362	0	0	0
0	0	0	117482	0	0	0	0
98936	0	0	0	0	0	0	0
0	0	0	0	1215074	0	0	0
0	0	0	1252282	0	0	0	0
0	0	0	0	73570	0	0	0
224966	0	0	0	0	0	0	0
0	0	0	0	0	0	6429494	0
0	0	0	0	84982	0	0	9194486
0	0	0	0	106226	0	0	0
0	0	0	167718	0	0	0	0
0	4709998	0	0	114339682	0	0	0
0	0	0	0	175086	0	0	0
163996	0	0	0	0	0	0	0
0	1892334	0	0	0	0	0	0
0	0	0	118698	0	0	0	0
961614	0	0	0	0	0	0	0
172664	0	0	0	0	0	0	0
0	0	0	0	191202	0	0	0
0	0	0	0	0	0	0	18358114
130758	0	0	0	0	0	0	0
0	0	0	125482	0	0	0	0
129812	0	0	0	0	0	0	0
0	0	0	0	98290	0	0	0
154388	0	0	0	0	0	0	0
172664	0	0	0	0	0	0	0
0	0	0	0	106214	0	0	0
0	0	0	0	77682	0	0	0
0	0	0	141994	0	0	0	0
73728	0	0	0	0	0	0	0
0	0	0	114358	0	0	0	0
0	0	0	158370	0	0	0	0
97044	0	0	0	0	0	0	0
0	0	0	0	670334	0	0	0
0	0	0	0	241274	0	0	0
0	0	0	0	0	0	0	8515378
0	0	0	0	106494	0	0	0
0	0	0	0	117502	0	0	0
0	0	0	597686	0	0	0	0
115320	0	0	0	0	0	0	0
0	0	0	0	12594034	0	0	0
173608	0	0	0	0	0	0	0
0	0	0	0	102390	0	0	0
0	0	0	0	81786	0	0	0
0	0	0	0	84978	0	0	0
0	0	0	0	0	0	0	1866734
0	0	0	270006	0	0	0	0
132962	0	0	0	0	0	0	0
0	0	0	0	130794	0	0	0
0	0	0	215906	0	0	0	0
0	0	0	0	77682	0	0	0
0	0	0	122742	0	0	0	0
0	0	0	248674	0	0	0	0
0	0	0	0	167538	0	0	0
0	0	0	0	5463670	0	0	0
100826	0	0	0	0	0	0	0
148716	0	0	0	0	0	0	0
79398	0	0	0	0	0	0	0
0	0	0	0	223990	0	0	0
0	0	0	0	138110	0	0	0
0	0	0	3468138	0	0	0	0
0	0	0	113206	0	0	0	0
145564	0	0	0	0	0	0	0
148086	0	0	0	0	0	0	0
0	0	0	146362	0	0	0	0
0	0	0	88690	0	0	0	0
207950	0	0	0	0	0	0	0
0	0	0	0	117614	0	0	0
0	0	0	0	109286	0	0	0
0	7962350	0	0	0	0	0	0
0	0	0	240418	0	0	0	0
7431596	0	0	0	0	0	0	0
0	0	0	73470	0	0	0	0
0	0	0	101346	0	0	0	0
0	0	0	0	105442	0	0	0
0	0	0	0	192370	0	0	0
0	0	0	217070	15957614	0	0	0
0	18442990	0	0	0	0	0	0
0	0	0	0	106226	0	0	0
96414	0	0	0	0	0	0	0
163998	0	0	0	0	0	0	0
0	0	0	0	159738	0	0	0
0	0	0	85998	0	0	0	0
0	0	0	0	0	0	0	2965414
96100	0	0	0	0	0	0	0
0	0	0	109350	0	0	0	0
0	0	0	252862	0	0	0	0
0	0	0	0	137982	0	0	0
0	0	0	0	88802	0	0	0
88222	0	0	0	0	0	0	0
229376	0	0	0	0	0	0	0
0	0	0	0	257762	0	0	0
0	0	0	0	84858	0	0	0
0	0	0	0	183162	0	0	0
0	63802222	0	0	88930	0	0	0
0	0	0	0	141930	0	0	0
0	0	0	77614	0	0	0	0
0	0	0	85998	0	0	0	0
348792	0	0	0	96533118	0	0	0
0	0	0	118446	0	0	0	0
0	0	0	196598	0	0	0	0
101140	0	0	0	0	0	0	0
0	0	0	0	0	0	204478	0
265294	0	0	0	0	0	0	0
0	0	0	0	106214	0	0	0
0	794238	0	0	0	0	0	0
0	0	0	0	0	0	16648822	0
0	0	0	0	122750	0	0	0
0	0	0	158698	0	0	0	0
0	0	0	0	126974	0	0	0
16743816	0	0	0	0	0	0	0
132944	0	0	0	0	0	0	0
0	0	0	113594	0	0	0	0
159608	0	0	0	0	0	0	0
78768	0	0	0	0	0	0	0
102224	0	0	0	0	0	0	0
0	0	0	0	146166	0	0	0
162578	0	0	0	0	0	0	0
90744	0	0	0	0	0	0	0
65536	0	0	0	0	0	0	0
0	0	0	0	117610	0	0	0
0	0	0	0	106226	0	0	0
0	0	0	0	113634	0	0	0
114844	0	0	0	0	0	0	0
0	0	0	0	139002	0	0	0
0	0	0	0	0	0	13209454	0
78706	0	0	0	0	0	0	0
139224	0	0	0	0	0	0	0
185266	0	0	0	0	0	0	0
0	0	0	0	137982	0	0	0
0	0	0	0	93166	0	0	0
0	0	0	90106	0	0	0	0
0	0	0	0	122878	0	0	0
0	0	0	188410	0	0	0	0
0	0	0	0	86006	0	0	0
0	0	0	0	101226	0	0	0
0	0	0	0	179822	0	0	0
0	0	0	126634	0	0	0	0
132332	0	0	0	0	0	0	0
152498	0	0	0	0	0	0	0
195978	0	0	0	0	0	0	0
0	0	0	77614	0	0	0	0
0	0	0	159334	0	0	0	0
77508	0	0	0	0	0	0	0
0	0	0	138042	0	0	0	0
0	0	0	110382	0	0	0	0
0	0	0	0	102390	0	0	0
0	0	0	174882	0	0	0	0
139894	0	0	0	0	0	0	0
0	0	0	0	0	0	0	834482
0	0	0	184114	0	0	0	0
0	0	0	0	106346	0	0	0
133592	0	0	0	0	0	0	0
88852	0	0	0	0	0	0	0
0	0	0	0	113506	0	0	0
0	0	0	0	109566	0	0	0
0	0	0	0	192230	0	0	0
0	0	0	0	237562	0	0	0
136088	0	0	0	0	0	0	0
96580	0	0	0	0	0	0	0
0	0	0	121470	0	0	0	0
131702	0	0	0	0	0	0	0
160058	0	0	0	0	0	0	0
0	0	0	0	105058	0	0	0
0	0	0	113206	0	0	0	0
0	0	0	0	158326	0	0	0
75304	0	0	0	0	0	0	0
0	0	0	0	498402	0	0	0
0	1235966	0	0	0	0	0	0
0	0	0	0	102014	0	0	0
19134004	0	0	0	0	0	0	0
0	0	0	0	0	0	0	629554
0	0	0	0	118758	0	0	0
0	0	0	0	97126	0	0	0
0	0	0	114354	0	0	0	0
0	0	0	0	10911354	0	0	0
0	0	0	0	137826	0	0	0
124772	0	0	0	0	0	0	0
258696	0	0	0	0	0	0	0
0	0	0	0	150250	0	0	0
0	0	0	0	0	0	1765110	0
0	0	0	0	24865398	0	0	24898274
0	0	0	0	0	0	0	876342
0	0	0	0	184174	0	0	0
0	0	0	98174	0	0	0	0
0	0	0	0	195430	0	0	0
206690	0	0	0	0	0	0	0
0	0	0	0	219878	0	0	0
0	0	0	0	110574	0	0	0
0	0	0	89974	0	0	0	0
0	0	0	0	162554	0	0	0
0	0	0	0	187366	0	0	0
0	0	0	0	105058	0	0	0
0	0	0	0	97902	0	0	0
0	0	0	0	192226	0	0	0
0	0	0	0	0	0	0	2165282
0	0	0	0	138978	0	0	0
74674	0	0	0	0	0	0	0
0	0	0	0	0	0	0	5262886
0	0	0	0	109158	0	0	0
0	0	0	0	101354	0	0	0
0	0	0	24746942	0	0	0	0
0	0	0	145974	0	0	0	0
18888164	0	0	0	0	0	0	0
0	0	0	101030	0	0	0	0
0	0	0	0	102262	0	0	0
0	0	0	0	129906	0	0	0
0	0	0	47173230	97006	0	0	0
154164	0	0	0	0	0	0	0
0	0	0	0	151402	0	0	0
0	0	0	101230	0	0	0	0
0	0	0	126502	0	0	0	0
76148	0	0	0	0	0	0	0
0	0	0	0	167538	0	0	0
0	0	0	122794	0	0	0	0
0	74588158	0	192114	0	0	0	0
202278	0	0	0	0	0	0	0
0	0	0	117482	0	0	0	0
78138	0	0	0	0	0	0	0
0	0	0	0	89082	0	0	0
0	0	0	0	187374	0	0	0
0	0	0	23919542	0	0	0	0
215734	0	0	0	0	0	0	0
0	0	0	3723058	0	0	0	0
0	0	0	196598	0	0	0	0
0	0	0	85682	0	0	0	0
88428	0	0	0	0	0	0	0
0	0	0	364334	0	0	0	0
0	0	0	319286	0	0	0	0
0	0	0	0	421730	0	0	0
0	0	0	278078	0	0	0	0
0	0	0	0	130682	0	0	0
121666	0	0	0	0	0	0	0
0	0	0	0	117750	0	0	0
0	0	0	252862	0	0	0	0
6051366	0	0	0	0	0	0	0
0	0	0	97974	0	0	0	0
0	0	0	76670	0	0	0	0
0	0	0	0	85606	0	0	0
0	0	0	0	97906	0	0	0
0	0	0	137842	0	0	0	0
271596	0	0	0	0	0	0	0
0	0	0	5840438	0	0	0	0
0	0	0	0	4620026	0	0	0
0	0	0	0	20204518	0	0	0
207582	0	0	0	0	0	0	0
0	0	0	0	85758	0	0	0
0	0	0	133674	953954	0	0	0
0	0	0	0	499442	0	0	0
0	0	0	0	0	0	0	3672826
0	0	0	81634	0	0	0	0
0	0	0	85810	0	0	0	0
0	0	0	0	162794	0	0	0
0	14457518	0	0	0	0	0	0
24388528	0	0	0	0	0	0	0
0	0	0	0	131062	0	0	0
0	0	0	163830	0	0	0	0
96266	0	0	0	0	0	0	0
24504224	0	0	0	0	0	0	0
0	0	0	0	76658	0	0	0
0	0	0	0	121446	0	0	0
0	0	0	0	109550	0	0	0
133568	0	0	0	0	0	0	0
74898	0	0	0	0	0	0	0
0	0	0	0	101986	0	0	0
0	0	0	0	0	0	0	1568674
556744	0	0	0	0	0	0	0
113514	0	0	0	0	0	0	0
0	0	0	0	0	0	0	4910834
0	0	0	375538	0	0	0	0
0	0	0	72358	0	0	0	0
141060	0	0	0	0	0	0	0
0	0	0	0	89966	0	0	0
0	0	0	81846	0	0	0	0
128576	0	0	0	0	0	42499878	0
178820	0	0	0	0	0	0	0
132952	0	0	0	0	0	0	0
0	0	0	0	0	0	8191590	0
0	0	0	143222	0	0	0	0
152710	0	0	0	0	0	0	0
4451456	0	0	0	0	0	0	0
72748	0	0	0	0	0	0	0
0	0	0	0	113262	0	0	0
225944	0	0	0	0	0	0	0
0	0	0	0	89702	0	0	0
0	0	0	0	117362	0	0	0
0	0	0	0	12278634	0	0	0
0	0	0	118450	0	0	0	0
0	0	0	98278	0	0	0	0
2197180	0	0	0	0	0	0	0
0	163566	0	0	0	0	0	0
0	0	0	0	105326	0	0	0
0	0	0	0	260978	0	0	0
0	0	0	90026	0	0	0	0
129818	0	0	0	0	0	0	0
0	0	0	0	151294	0	0	0
0	0	0	10369642	0	0	0	0
0	0	0	188214	0	0	0	0
0	0	0	0	84590	0	0	0
159608	0	0	0	0	0	0	0
197856	0	0	0	0	0	0	0
0	0	0	0	0	0	0	195362
74900	107286270	0	0	0	0	0	0
0	0	0	0	98026	0	0	0
0	0	0	88614	0	0	0	0
0	0	0	0	109550	0	0	0
0	0	0	0	0	0	0	25054822
0	0	0	227958	0	0	0	0
0	0	0	0	211938	0	0	0
272754	0	0	0	0	0	0	0
0	0	0	0	0	0	0	18414578
0	0	0	0	110574	0	0	0
0	0	0	0	150514	0	0	0
0	0	0	0	0	0	107625190	10644390
0	0	0	166434	0	0	0	0
0	0	0	0	114550	0	0	0
101114	0	0	0	0	0	0	0
0	0	0	0	0	0	0	3985390
0	0	0	0	93182	0	0	0
0	0	0	0	93802	0	0	0
179132	0	0	0	0	0	0	0
0	0	0	0	4840302	0	0	0
0	0	0	0	174822	0	0	0
0	0	0	97842	0	0	0	0
277746	0	0	0	0	0	0	0
0	0	0	0	0	0	0	491130
0	0	0	0	200442	0	0	0
0	0	0	0	129778	0	0	0
0	0	0	81762	0	0	0	0
0	0	0	208574	0	0	0	0
190990	0	0	0	0	0	0	0
0	0	0	0	134778	0	0	0
134192	0	0	0	0	0	0	0
0	0	0	97190	0	0	0	0
0	0	0	142114	0	0	0	0
0	22583982	0	0	0	0	0	0
0	0	0	0	126974	0	0	0
0	89845438	0	0	0	0	0	20318890
0	0	0	0	121854	0	0	0
222510	0	0	0	0	0	0	0
0	0	0	0	113274	0	0	0
0	0	0	0	167926	0	0	0
0	0	0	0	0	0	1932270	0
100178	0	0	0	0	0	0	0
0	0	0	0	286438	0	0	0
100490	0	0	0	0	0	0	0
0	0	0	101046	0	0	0	0
0	0	0	0	121854	0	0	0
0	0	0	84658	0	0	0	0
0	0	0	0	105466	0	0	0
0	0	0	0	106086	0	0	0
0	0	0	0	301794	0	0	0
119838	0	0	0	0	0	0	0
294442	0	0	0	0	0	0	0
0	0	0	0	117626	0	0	0
0	0	0	0	25149042	0	0	0
380110	0	0	0	0	0	0	0
106418	0	0	0	0	0	0	0
83014	0	0	0	0	0	0	0
0	0	0	0	93054	0	0	0
0	0	0	0	371306	0	0	0
0	0	0	0	133742	0	0	0
68656	0	0	0	0	0	0	0
0	0	0	0	110574	0	0	0
102986	0	0	0	0	0	0	0
0	0	0	0	0	0	0	12696426
0	0	0	0	134906	0	0	0
0	0	0	93802	0	0	0	0
0	0	0	0	113662	0	0	106786406
0	0	0	170538	0	0	0	0
5689150	0	0	0	0	0	0	0
0	0	0	14180002	0	0	0	0
324560	0	0	0	0	0	0	0
272130	0	0	0	0	0	0	0
0	0	0	0	114302	0	0	0
0	0	0	0	166778	0	0	0
0	0	0	72570	0	0	0	0
130448	0	0	0	0	0	0	0
101114	0	0	0	0	0	0	0
0	0	0	0	0	0	13504230	0
0	0	0	0	150514	0	0	0
0	0	0	113274	0	0	0	0
106106	0	0	0	0	0	0	0
0	0	0	69354	0	0	0	0
0	0	0	0	130686	0	0	0
0	0	0	0	114302	0	0	0
0	0	0	0	170614	0	0	0
117342	0	0	0	0	0	0	0
0	0	0	0	0	0	19442414	0
0	0	0	81458	0	0	0	0
0	0	0	973546	0	0	0	0
127326	0	0	0	0	0	0	0
127952	0	0	0	0	0	0	0
76772	0	0	0	0	0	0	0
100490	0	0	0	0	0	0	0
0	0	0	0	146150	0	0	0
0	0	0	0	131062	0	0	106396514
0	0	0	0	135014	0	0	0
0	0	0	0	237170	0	0	0
0	0	0	0	77682	0	0	0
0	0	0	96998	0	0	0	0
0	0	0	0	76658	0	0	0
0	0	0	0	93166	0	0	0
0	12934782	0	0	0	0	0	0
0	0	0	0	159338	0	0	0
0	0	0	0	0	0	0	6430506
147924	0	0	0	0	0	0	0
0	0	0	0	141930	0	0	0
0	0	0	0	294762	0	0	0
0	0	0	0	94206	0	0	0
0	0	0	0	76658	0	0	0
189744	0	0	0	0	0	0	0
0	0	0	118518	0	0	0	0
0	0	0	0	162662	0	0	0
0	0	0	0	89974	0	0	0
168522	0	0	0	0	0	0	0
0	0	0	0	81890	0	0	0
415684	0	0	0	0	0	0	0
0	0	0	0	126714	0	0	0
0	0	0	0	89702	0	0	0
0	0	0	0	155514	0	0	0
0	0	0	0	109566	0	0	0
0	0	0	0	122870	0	0	0
0	0	0	0	97914	0	0	0
0	0	0	0	147050	0	0	0
0	0	0	85930	0	0	0	0
0	0	0	81582	0	0	0	0
0	0	0	92914	0	0	0	0
0	0	0	0	0	0	4239278	0
0	0	0	49912358	223862	0	0	0
0	0	0	0	297586	0	0	0
0	0	0	143270	0	0	0	0
0	0	0	0	137982	0	0	0
78018	0	0	0	0	0	0	0
72400	0	0	0	0	0	0	0
0	0	0	81446	0	0	0	0
0	0	0	351222	0	0	0	0
0	0	0	0	187374	0	0	0
107980	0	0	0	0	0	0	0
0	0	0	0	208486	0	0	0
1569744	0	0	0	0	0	0	0
0	0	0	143334	0	0	0	0
159782	0	0	0	0	0	0	0
131384	0	0	0	0	0	0	0
0	0	0	0	101114	0	0	0
0	0	0	106430	0	0	0	0
0	0	0	1317542	0	0	0	0
0	117630	0	0	0	0	0	0
0	0	0	89718	0	0	0	0
0	13773614	0	0	0	0	0	0
0	0	0	0	158570	0	0	0
0	0	0	100898	0	0	0	0
124832	0	0	0	0	0	0	0
110476	0	0	0	0	0	0	0
0	0	0	172018	0	0	0	0
0	0	0	974818	0	0	0	0
0	0	0	1166190	0	0	0	0
0	0	0	0	428794	0	0	0
99242	0	0	0	0	0	0	0
0	0	0	138086	0	0	0	0
0	0	0	102318	0	0	0	0
122960	0	0	0	0	0	0	0
0	0	0	1986350	0	0	0	0
148548	0	0	0	0	0	0	0
0	0	0	133758	0	0	0	0
0	0	0	0	192370	0	0	0
0	0	0	163362	0	0	0	0
0	0	0	0	150514	0	0	0
287736	110091134	0	0	0	0	0	0
142306	0	0	0	0	0	0	0
0	0	0	188338	0	0	0	0
0	0	0	125666	0	0	0	0
0	0	0	0	154614	0	0	0
69280	0	0	0	0	0	0	0
0	0	0	0	94178	0	0	0
0	0	0	0	265978	0	0	0
0	0	0	0	0	0	13684462	0
0	0	0	118378	0	0	0	0
0	0	0	85682	0	0	0	0
0	0	0	248814	0	0	0	0
0	0	0	98018	0	0	0	0
0	0	0	0	1260514	0	0	0
0	0	0	0	126714	0	0	0
142306	0	0	0	0	0	0	0
0	0	0	0	207854	0	216758	0
0	24362878	0	0	0	0	0	0
0	0	0	0	137826	0	0	0
0	0	0	137978	0	0	0	0
6099216	0	0	0	0	0	0	0
0	0	0	0	0	0	0	9046642
141682	0	0	0	0	0	0	0
246228	0	0	0	0	0	0	0
0	0	0	240422	0	0	0	0
0	0	0	0	0	0	13963126	0
93756	0	0	0	0	0	0	0
168882	0	0	0	0	0	0	0
0	0	0	84530	0	0	0	0
307394	0	0	0	0	0	0	0
91952652	0	0	0	89962	0	0	0
0	0	0	22474410	0	0	0	0
159782	0	0	0	0	0	0	0
0	0	0	0	311142	0	0	0
97680	0	0	0	0	0	0	0
0	0	0	122622	0	0	0	0
0	0	0	0	106366	0	0	0
221694	0	0	0	0	0	0	0
0	0	0	0	105202	0	0	0
0	0	0	109230	0	0	0	0
0	0	0	0	97250	0	0	0
0	0	0	0	130670	0	0	0
0	0	0	0	167926	0	0	0
117276	0	0	0	0	0	0	0
0	0	0	76450	0	0	0	0
0	0	0	106170	0	0	0	0
0	0	0	0	134906	0	0	0
0	0	0	167678	0	0	0	0
0	0	0	216882	0	0	0	0
0	0	0	129778	0	0	0	0
0	0	0	151142	0	0	0	0
0	0	0	0	81766	0	0	0
0	0	0	0	98393982	0	240190	0
0	0	0	0	154230	0	0	0
148400	0	0	0	0	0	0	0
8517790	0	0	0	0	0	0	0
0	0	0	100910	0	0	0	0
0	0	0	0	143202	0	0	0
85702	0	0	0	0	0	0	0
0	0	0	96818	0	0	0	0
0	0	0	0	81646	0	0	0
15652806	0	0	0	0	0	0	0
0	0	0	170930	0	0	0	0
0	0	0	0	0	0	0	102394
0	0	0	0	73598	0	0	0
0	0	0	113406	0	0	0	0
0	0	0	461346	0	0	0	0
0	0	0	0	90106	0	0	0
0	0	0	0	89830	0	0	0
180856	0	0	0	117750	0	0	0
142414	0	0	0	0	0	0	0
132962	0	0	0	0	0	0	0
0	0	0	0	129890	0	0	0
153126	0	0	0	0	0	0	0
146824	0	0	0	0	0	0	0
0	0	0	0	200550	0	0	0
0	0	0	0	90106	0	0	0
0	0	0	0	162430	0	0	0
0	0	0	0	195198	0	0	0
153126	0	0	0	0	0	0	0
0	0	0	122622	0	0	0	0
159428	0	0	0	0	0	0	0
0	18467838	0	0	0	0	0	0
151236	0	0	0	0	0	0	0
64910	0	0	0	0	0	0	0
0	0	0	0	133742	0	21142126	0
0	0	0	109230	10964966	0	0	0
129812	0	0	0	0	0	0	0
0	0	0	0	109294	0	0	0
0	0	0	0	303098	0	0	0
92004	0	0	0	0	0	0	0
109332	0	0	0	0	0	0	0
0	0	0	0	155514	0	0	0
0	0	0	109230	0	0	0	0
0	0	0	175918	0	0	0	0
0	0	0	0	77670	0	0	0
202908	0	0	0	0	0	0	0
0	0	0	0	126714	0	0	0
148086	0	0	0	0	0	0	0
2945340	0	0	0	0	0	0	0
0	0	0	0	122474	0	0	0
0	0	0	72638	81625074	0	0	0
0	0	0	0	162674	0	0	0
101456	0	0	0	0	0	0	0
0	0	0	0	117606	0	0	0
0	0	0	0	114550	0	0	0
0	9726574	0	0	0	0	0	0
0	0	0	0	5774194	0	0	0
0	0	0	121470	0	0	59985590	0
105236	0	0	0	0	0	0	0
112168	0	0	0	0	0	0	0
135798	0	0	0	0	0	0	0
0	0	0	0	100962	0	0	0
0	0	0	368314	0	0	0	0
0	0	0	0	106366	0	0	0
0	215662	0	0	0	0	0	0
0	0	0	0	106474	0	0	0
70576	0	0	0	0	0	26382334	0
150608	0	0	0	0	0	0	0
0	0	0	0	220910	0	0	0
0	0	0	0	180214	0	0	0
0	0	0	0	146290	0	0	0
0	0	0	0	101354	0	0	0
0	0	0	113406	0	0	0	0
0	0	0	0	0	0	0	4045502
0	0	0	89854	0	0	0	0
152498	0	0	0	0	0	0	0
0	0	0	80438	0	0	0	0
0	0	0	0	204670	0	0	0
78140	0	0	0	0	0	0	0
146196	0	0	0	0	0	0	0
0	0	0	0	236286	0	0	0
0	0	0	0	77554	0	0	0
258994	0	0	0	0	0	0	0
131072	0	0	0	0	0	0	0
0	0	0	330602	0	0	0	0
0	0	0	0	122494	0	0	0
0	0	0	0	106226	0	0	0
0	0	0	1203966	0	0	0	0
0	0	0	0	0	0	19463782	0
0	0	0	126886	0	0	0	0
0	0	0	0	126690	0	0	0
0	0	0	0	175862	0	0	0
0	0	0	0	175994	0	0	0
0	0	0	69542	0	0	0	0
16816284	0	0	0	0	0	0	16845818
81290	0	0	0	0	0	0	0
0	0	0	0	224246	0	0	0
0	0	0	0	0	0	162430	0
177074	0	0	0	0	0	0	0
117210	0	0	0	0	0	102243134	0
196294	0	0	0	0	0	0	0
0	0	0	0	2744046	0	0	0
23571534	0	0	0	0	0	0	0
0	0	0	109230	0	0	0	0
0	0	0	0	125690	0	0	0
97990	0	0	0	0	0	0	0
0	0	0	0	102114	0	0	0
114058	0	0	0	0	0	0	0
0	0	0	0	105442	0	0	0
0	0	0	0	98154	0	0	0
0	0	0	0	256626	0	0	0
0	0	0	0	110462	0	0	0
0	0	0	0	85606	0	0	0
0	0	0	72306	0	0	0	0
0	0	0	142114	0	0	0	0
0	0	0	0	113662	0	0	0
1468258	0	0	0	0	0	0	0
166362	0	0	0	0	0	0	0
0	0	0	5599018	89974	0	0	0
0	0	0	93166	0	0	0	0
0	0	0	0	138098	0	0	0
0	0	0	0	0	0	0	7490082
0	0	0	143222	0	0	0	0
0	0	0	0	102394	0	0	0
86332	0	0	0	0	0	0	0
0	0	0	84842	0	0	0	0
0	0	0	0	97914	0	0	0
0	0	0	0	81514	0	0	0
0	0	0	113202	0	0	0	0
0	0	0	146418	0	0	0	0
73728	0	0	0	0	0	0	0
0	0	0	0	77694	0	0	0
0	0	0	0	0	0	0	5823166
0	0	0	0	110574	0	0	0
0	0	0	85998	0	0	0	0
0	0	0	0	155622	0	0	0
0	0	0	0	228326	0	0	0
0	0	0	0	101354	0	0	0
12306276	0	0	28692014	0	0	0	0
117276	0	0	0	0	0	0	0
0	0	0	2796214	2796270	0	0	0
20021248	0	0	0	0	0	0	0
0	0	0	0	118654	0	0	0
0	0	0	0	105066	0	0	0
0	0	0	0	237418	0	0	0
432916	0	0	0	0	0	0	0
0	0	0	0	113518	0	0	0
0	0	0	106490	0	0	0	0
0	0	0	0	93158	0	0	0
0	0	0	80566	0	0	0	0
0	0	0	200446	0	0	0	0
0	0	0	0	84982	0	0	0
0	0	0	0	110574	0	0	0
0	0	0	109294	0	0	0	0
138284	0	0	0	0	0	0	0
0	0	0	0	0	0	13990838	0
0	0	0	0	101098	0	0	0
0	0	0	150182	0	0	0	0
0	0	0	0	269282	0	0	0
149484	0	0	0	0	0	0	0
0	0	0	134910	0	0	0	0
0	0	0	0	102394	0	0	0
218034	0	0	0	0	0	0	0
87592	0	0	0	0	0	0	0
155964	0	0	0	0	0	0	0
0	0	0	0	0	0	0	16629290
0	0	0	175094	0	0	0	0
0	0	0	151534	0	0	0	0
0	0	0	0	200306	0	0	0
9782508	0	0	0	0	0	0	0
0	0	0	0	155366	0	0	0
0	0	0	0	88694	0	0	0
0	0	0	0	940662	0	0	0
0	0	0	109098	0	0	0	0
0	0	0	0	228090	0	0	0
142986	0	0	0	0	0	0	0
0	0	0	0	0	0	0	1900146
137688	0	0	0	0	0	0	0
0	0	0	133758	0	0	0	0
0	0	0	610286	0	0	0	0
96580	0	0	0	0	0	0	0
0	11700910	0	0	0	0	0	0
0	0	0	0	85750	0	0	0
0	0	0	143150	0	0	0	0
0	0	0	0	125666	0	0	0
0	0	0	122606	0	0	0	0
103478	0	0	0	0	0	0	0
97208	0	0	0	0	0	0	0
0	0	0	0	122742	0	0	0
117342	0	0	0	0	0	0	0
113282	0	0	0	0	0	0	0
0	0	0	0	0	0	0	3287674
0	0	0	0	323314	0	0	0
20937190	0	0	0	0	0	0	0
124208	0	0	0	0	0	0	0
109852	0	0	0	0	0	0	0
0	0	0	0	248822	0	0	0
128576	0	0	0	0	0	0	990758
0	0	0	240570	0	0	0	0
163370	0	0	0	0	0	0	0
0	0	0	2981878	0	0	0	0
0	0	0	0	117750	0	0	0
140524	0	0	0	0	0	0	0
0	0	0	93990	0	0	0	0
0	0	0	80694	0	0	0	0
0	0	0	0	0	0	0	113186
0	0	0	0	150374	0	0	0
122294	0	0	0	0	0	0	0
149886	0	0	0	0	0	0	0
0	0	0	0	182910	0	0	0
115708	0	0	0	0	0	0	0
187830	0	0	0	0	0	0	0
0	0	0	0	0	0	0	888678
165880	0	0	0	0	0	0	0
242794	0	0	0	0	0	0	0
0	0	0	0	113518	0	0	0
0	0	0	0	282358	0	0	0
174554	0	0	0	0	0	0	0
0	0	0	0	0	0	0	9563754
20786254	0	0	97022	0	0	0	0
414012	0	0	0	0	0	0	0
0	0	0	0	0	0	0	16817126
0	0	0	196158	0	0	0	0
242704	0	0	0	0	0	0	0
0	0	0	262014	0	0	0	0
0	0	0	0	131058	0	0	0
0	0	0	2240302	0	0	0	0
0	0	0	97010	0	0	0	0
0	0	0	0	80614	0	0	0
0	0	0	0	89974	0	0	0
0	0	0	121778	0	0	0	0
330200	0	0	0	0	0	0	0
0	0	0	0	97258	0	0	0
0	0	0	0	81762	0	0	0
0	0	0	0	14385134	0	0	0
0	0	0	0	150374	0	26090302	0
73376	0	0	0	0	0	0	0
0	0	0	0	0	0	14056374	0
0	339710	0	0	0	0	0	0
0	0	0	0	3570418	0	0	0
0	0	0	0	131058	0	0	0
0	0	0	0	155374	0	0	0
90112	0	0	0	0	0	0	0
0	0	0	69542	0	0	0	0
0	0	0	0	0	0	0	6200874
0	0	0	102194	0	0	0	0
0	0	0	0	114286	0	0	0
106496	0	0	0	0	0	0	0
159428	0	0	0	0	0	0	0
0	0	0	158698	0	0	0	0
129182	0	0	0	0	0	0	0
0	0	0	0	117374	0	0	0
0	0	0	158570	0	0	0	0
80660	0	0	0	0	0	0	0
0	0	0	138934	0	0	0	0
89368	0	0	0	0	0	0	0
0	0	0	686962	0	0	0	0
0	0	0	0	0	0	0	14782190
131072	0	0	0	0	0	0	0
0	0	0	0	92922	0	0	0
0	0	0	69294	0	0	0	0
0	0	0	0	0	0	0	7491426
0	0	0	68142	0	0	0	0
0	0	0	93154	0	0	0	0
0	0	0	154358	0	0	0	0
0	0	0	0	117614	0	0	0
79400	0	0	0	0	0	0	0
0	0	0	0	0	0	0	14425010
144304	0	0	0	0	0	0	0
0	0	0	10955554	0	0	0	0
0	0	0	0	77558	0	0	3964842
72468	0	0	0	0	0	0	0
93132	0	0	0	0	0	0	0
0	0	0	0	278126	0	0	0
0	0	0	0	98150	0	0	0
0	0	0	0	129890	0	0	0
0	0	0	0	0	0	0	22829758
0	0	0	0	6159346	0	0	0
0	0	0	122874	1990374	0	0	0
23644004	0	0	0	0	0	0	0
0	0	0	10156918	0	0	0	0
0	0	0	0	147298	0	0	0
111946	0	0	0	0	0	0	0
103346	0	0	0	0	0	0	0
149976	0	0	0	0	0	0	0
0	0	0	0	93034	0	0	0
0	0	0	134910	0	0	0	0
0	0	0	118382	5028862	0	0	0
0	0	0	76582	0	0	0	0
190938	0	0	0	0	0	0	0
0	0	0	0	110574	0	0	0
0	0	0	0	122494	0	0	0
0	0	0	0	93802	0	0	0
172778	0	0	0	0	0	0	0
0	0	0	92902	0	0	0	0
93444	0	0	0	0	0	0	0
0	0	0	80822	0	0	0	0
23221798	0	0	0	0	0	0	0
0	0	0	0	98166	0	0	0
114768	0	0	0	0	0	0	0
0	0	0	0	257778	0	0	0
418736	0	0	0	0	0	0	0
119784	0	0	0	0	0	0	0
98462	0	0	0	0	0	0	0
0	0	0	0	0	0	13033006	0
0	0	0	0	90086	0	0	0
105988	0	0	0	0	0	0	0
0	0	0	0	1247842	0	0	0
139264	0	0	0	0	0	0	0
0	0	0	80882	0	0	0	0
173294	0	0	0	0	0	0	0
0	0	0	191338	0	0	0	0
0	0	0	0	143202	0	0	0
0	0	0	0	85606	0	0	0
208522	0	0	0	0	0	0	0
0	0	0	0	98290	0	0	0
176010	0	0	0	0	0	0	0
0	0	0	0	146034	0	0	0
24624290	0	0	0	0	0	0	0
0	0	0	0	118766	0	0	0
132962	0	0	0	0	0	0	0
0	0	0	141994	3833462	0	0	0
0	0	0	72570	0	0	0	0
100196	0	0	0	0	0	0	0
0	0	0	0	90110	0	0	0
83496	0	0	0	0	0	0	0
0	0	0	23878266	0	0	0	0
0	0	0	203578	0	0	0	0
0	0	0	72570	0	0	0	0
0	0	0	0	179966	0	0	0
0	0	0	0	100962	0	0	0
0	0	0	0	76670	0	0	0
0	0	0	0	106090	0	0	0
0	0	0	0	139114	0	0	0
136744	0	0	0	0	0	0	0
0	0	0	0	97266	0	0	0
0	0	0	89974	0	0	0	0
0	0	0	0	0	0	0	19459826
109648	0	0	0	0	0	0	0
0	0	0	85682	0	0	0	0
0	0	0	0	158710	0	0	0
0	0	0	122798	0	0	0	0
0	0	0	0	85606	0	0	0
204800	0	0	0	0	0	0	0
0	0	0	109098	0	0	0	0
0	0	0	0	0	0	0	3738146
0	0	0	0	106346	0	0	0
21973148	0	0	0	0	0	0	0
0	0	0	126566	0	0	0	0
0	0	0	142114	0	0	0	0
0	0	0	0	118766	0	0	0
86648	0	0	0	0	0	0	0
0	0	0	0	184046	0	0	0
0	0	0	0	73582	0	0	0
208580	0	0	0	0	0	0	0
86962	0	0	57753270	0	0	0	0
0	0	0	3615522	0	0	0	0
0	0	0	154226	0	0	0	0
92004	0	0	0	0	0	0	0
0	0	0	0	126822	0	0	0
83812	0	0	0	0	0	0	0
0	0	0	0	0	0	0	2513598
0	0	0	0	96874	0	0	0
0	0	0	0	110574	0	0	0
0	0	0	0	245502	0	0	0
0	310014	0	0	0	0	0	0
0	0	0	0	118758	0	0	0
0	0	0	147134	0	0	0	0
0	0	0	0	114550	0	0	0
113428	0	0	0	0	0	0	0
0	0	0	0	80614	0	0	0
0	0	0	69426	0	0	0	0
0	0	0	0	110562	0	0	0
0	0	0	0	106366	0	0	0
197868	0	0	0	0	0	0	0
0	0	0	0	97266	0	0	0
126662	0	0	0	0	0	0	0
0	0	0	0	0	0	0	2534122
153126	0	0	0	0	0	0	0
98936	0	0	0	0	0	0	0
0	0	0	125614	0	0	0	0
112168	0	0	0	0	0	0	0
115320	0	0	0	0	0	0	0
0	0	0	0	102002	0	0	0
81290	0	0	0	0	0	0	0
0	0	0	0	170602	0	0	0
0	0	0	76330	0	0	0	0
0	0	0	0	139254	0	0	0
0	0	0	0	9886462	0	0	0
0	0	0	348070	0	0	0	0
0	0	0	80826	0	0	0	0
0	0	0	0	0	0	0	1321842
0	0	0	0	85866	0	0	0
134536	0	0	0	0	0	0	0
0	0	0	0	97914	0	0	0
0	0	0	0	142178	0	0	0
0	17940462	0	0	0	0	0	0
0	0	0	0	158718	0	0	0
0	0	0	0	118374	0	0	0
0	0	0	10129190	0	0	0	10157690
0	0	0	0	216054	0	0	0
76564	0	0	0	0	0	0	0
0	0	0	114238	0	0	0	0
0	0	0	0	117614	0	0	0
0	0	0	0	223850	0	0	0
0	0	0	0	0	0	0	15809186
132332	0	0	0	0	0	0	0
0	0	0	0	139134	0	0	0
415902	0	0	0	0	0	0	0
468834	0	0	0	0	0	0	0
0	0	0	0	0	0	0	7994354
0	0	0	0	0	0	0	5131046
0	0	0	0	335742	0	0	0
0	0	0	105086	0	0	0	0
0	0	0	184102	0	0	0	0
0	0	0	0	212730	0	0	0
0	0	0	0	0	0	0	887602
0	0	0	0	159586	0	0	0
111536	0	0	0	0	0	0	0
0	0	0	0	80866	0	0	0
315078	0	0	0	0	0	0	0
247336	0	0	0	0	0	0	0
170142	0	0	0	0	0	0	0
0	0	0	98294	0	0	0	0
151866	0	0	0	0	0	0	0
0	0	0	0	93802	0	0	0
0	0	0	146290	0	0	0	0
0	0	0	0	86006	0	0	0
0	0	0	113206	0	0	0	0
0	0	0	138934	0	0	0	0
345954	0	0	0	0	0	0	0
0	0	0	0	84734	0	0	0
0	0	0	0	84582	0	0	0
0	0	0	0	0	0	0	232442
0	0	0	0	84858	0	0	0
0	0	0	0	121710	0	0	0
202908	0	0	0	0	0	0	0
0	0	0	155518	126946	0	0	0
0	0	0	110510	0	0	0	0
117840	0	0	0	0	0	0	0
129812	0	0	0	446334	0	0	0
0	0	0	23481314	0	0	0	0
151552	0	0	0	0	0	0	0
0	0	0	0	347774	0	0	0
0	0	0	0	110186	0	0	0
0	0	0	0	76794	0	0	0
0	0	0	0	81890	0	0	0
0	0	0	0	135014	0	0	0
0	0	0	0	141922	0	0	0
0	0	0	0	125554	0	0	0
163210	0	0	0	0	0	0	0
109648	0	0	0	0	0	0	0
0	0	0	0	92922	0	0	0
96414	0	0	0	0	0	0	0
0	0	0	204350	0	0	0	0
0	0	0	141986	0	0	0	126869166
0	0	0	0	94050	0	0	0
26126178	0	0	0	0	0	0	0
0	23969518	0	0	0	0	0	0
0	0	0	0	93162	0	0	0
0	0	0	0	137826	0	0	0
352886	0	0	0	0	0	0	0
0	0	0	150370	0	0	0	0
0	0	0	105394	0	0	0	0
0	0	0	0	154342	0	0	0
0	0	0	0	122474	0	0	0
0	0	0	0	236130	0	0	0
173292	0	0	0	0	0	0	0
0	0	0	0	396150	0	0	0
0	0	0	0	109430	0	0	0
0	0	0	207522	0	0	0	0
0	0	0	117614	0	0	0	0
0	0	0	81590	0	0	0	0
0	0	0	0	7794534	0	0	0
14983168	0	0	0	0	0	0	0
0	0	0	150370	0	0	0	0
134852	0	0	0	0	0	0	0
0	0	0	138934	0	0	0	0
0	0	0	0	0	0	0	11889658
0	0	0	105406	0	0	0	0
0	0	0	130942	0	0	0	0
0	0	0	0	121838	0	0	0
167936	0	0	0	0	0	0	0
0	0	0	249450	0	0	0	0
76801294	0	0	0	130018	0	0	0
185266	0	0	0	0	0	0	0
0	0	0	0	0	0	8796726	0
129810	0	0	0	0	0	0	0
0	0	0	0	88830	0	0	0
182744	0	0	0	0	0	0	1157802
0	0	0	0	88806	0	0	0
0	0	0	0	179186	0	0	0
0	0	0	0	102014	0	0	0
0	0	0	0	2882418	0	0	0
75620	0	0	0	0	0	0	0
118784	0	0	0	105273974	0	0	0
0	0	0	0	162786	0	0	0
0	0	0	0	109434	0	0	0
0	0	0	0	117750	0	0	0
0	14949246	0	0	0	0	0	0
146194	0	0	0	0	0	0	0
0	0	0	0	121710	0	0	0
0	0	0	0	129894	0	0	0
0	0	0	0	106214	0	0	0
79400	0	0	0	0	0	0	0
0	0	0	154234	0	0	0	0
122250	0	0	0	0	0	0	0
0	0	0	142114	0	0	0	0
105866	0	0	0	0	0	0	0
0	0	0	126566	0	0	0	0
0	0	0	0	179042	0	0	0
185266	0	0	0	0	0	0	0
0	0	0	109230	0	0	0	0
69612	0	0	0	0	0	0	0
0	71540414	0	0	248434	0	0	0
0	0	0	0	138870	0	0	0
119730	0	0	0	0	0	0	0
0	0	0	0	142962	0	0	0
0	0	0	93798	0	0	0	0
0	0	0	0	0	0	0	23501418
142414	0	0	0	0	0	0	0
105236	0	0	0	0	0	0	0
0	0	0	0	0	0	0	506730
0	0	0	0	88818	0	0	0
0	0	0	0	101242	0	0	0
0	0	0	3567214	0	0	0	0
82550	0	0	0	0	0	0	0
0	0	0	0	109162	0	0	0
105866	0	0	0	0	0	0	0
15082732	0	0	0	0	0	0	0
0	0	0	0	101242	0	0	0
0	0	0	0	102262	0	0	0
0	0	0	0	113274	0	0	0
0	0	0	0	125686	0	0	0
200388	0	0	0	0	0	0	0
0	0	0	126886	0	0	0	0
0	0	0	0	101986	0	0	0
0	0	0	133674	0	0	0	0
235048	0	0	0	0	0	0	58019630
0	0	0	0	150374	0	0	0
93264	0	0	0	0	0	49625910	0
0	0	0	0	134882	0	0	0
0	0	0	282214	0	0	0	0
0	0	0	106018	0	0	0	0
0	0	0	0	96878	0	0	0
0	0	0	105394	0	0	0	0
0	35638910	0	88702	0	0	0	0
0	0	0	207850	0	0	0	0
0	0	0	0	89982	0	0	0
0	0	0	146362	0	0	0	0
180538	0	0	0	0	0	0	0
0	0	0	150370	0	0	0	0
0	0	0	0	0	0	0	3279786
97044	0	0	0	0	0	0	0
0	0	0	0	143202	0	0	0
0	290814	0	0	0	0	0	0
173924	0	0	0	0	0	0	0
125402	0	0	0	0	0	0	0
0	0	0	0	191090	0	0	0
84442	0	0	0	0	0	0	0
0	0	0	0	0	0	0	2109282
0	0	0	72506	0	0	0	0
0	0	0	0	80866	0	0	0
0	0	0	0	170602	0	0	0
0	0	0	0	0	0	0	715386
0	0	0	0	212722	0	0	0
0	0	0	100898	0	0	0	0
0	0	0	0	0	0	21977854	0
0	0	0	0	106474	0	0	0
0	0	0	117482	0	0	0	56441466
0	0	0	0	0	0	0	2886458
0	0	0	117734	0	0	0	0
0	0	0	0	25272186	0	0	25292646
0	0	0	141866	0	0	0	0
0	0	0	0	113518	0	0	0
0	0	0	0	88694	0	0	0
149976	0	0	0	0	0	0	0
0	0	0	106038	0	0	0	0
86962	0	0	0	0	0	0	0
0	0	0	159346	0	0	0	0
0	0	0	0	109430	0	0	0
0	0	0	0	15892078	0	0	61045438
0	0	0	0	81650	0	0	0
142414	0	0	0	0	0	0	0
0	0	0	240302	0	0	0	0
0	0	0	0	101098	0	0	0
0	0	0	80826	0	0	0	0
0	0	0	93798	0	0	0	0
0	0	0	0	7969786	0	0	0
0	0	0	109366	0	0	0	0
0	0	0	89786	0	0	0	0
156280	0	0	0	0	0	0	0
169198	0	0	0	0	0	0	0
132962	0	0	0	0	0	0	0
0	0	0	81470	0	0	0	0
0	0	0	0	105466	0	0	0
118470	0	0	0	0	0	0	0
103346	0	0	0	0	0	0	0
0	0	0	0	102250	0	0	0
2741170	0	0	0	0	0	0	0
0	0	0	142118	0	0	0	0
24859568	0	0	0	0	0	0	0
0	0	0	0	158318	0	0	0
0	0	0	0	4910698	0	0	0
0	0	0	0	0	0	0	4517614
78770	0	0	0	0	0	0	0
1872186	0	0	0	0	0	0	0
0	0	0	143150	1822310	0	0	0
129498	0	0	0	0	0	0	0
0	0	0	0	80894	0	0	0
0	0	0	121778	0	0	0	0
0	0	0	0	101354	0	0	0
83182	0	0	0	0	0	0	0
0	0	0	0	146146	0	0	0
0	0	0	0	77554	0	0	0
0	0	0	101246	0	0	0	0
133592	0	0	0	0	0	0	0
149662	0	0	0	0	0	0	0
0	0	0	0	19258222	0	0	0
0	0	0	0	93162	0	0	0
71208	0	0	0	0	0	0	0
0	0	0	182946	0	0	0	0
0	0	0	131062	0	0	0	0
122250	0	0	0	0	0	0	0
0	0	0	80438	0	0	0	0
0	0	0	0	109290	0	0	0
0	0	0	0	310270	0	0	0
130442	0	0	0	0	0	0	0
0	0	0	289638	0	0	0	0
0	0	0	0	117750	0	0	0
0	0	0	0	88694	0	0	0
0	0	0	0	0	0	154302	0
0	0	0	0	817766	0	0	0
206642	0	0	0	0	0	0	0
0	0	0	0	0	0	0	2620214
0	0	0	0	139250	0	0	0
0	0	0	0	106338	0	0	0
206374	0	0	0	0	0	0	0
0	0	0	0	85606	0	0	0
0	0	0	0	0	0	22522878	0
122880	0	0	0	0	0	0	0
128552	0	0	0	0	0	0	0
0	0	0	0	150374	0	0	0
22366364	0	0	0	0	0	0	0
108496	0	0	0	0	0	0	0
0	0	0	0	105466	0	0	0
0	0	0	187066	0	0	0	0
92818	0	0	0	0	0	0	0
146122	0	0	0	0	0	0	0
88112	0	0	0	0	0	0	0
87486	0	0	0	0	0	0	0
0	0	0	68594	0	0	0	0
0	0	0	0	126690	0	0	0
129192	0	0	0	0	0	0	0
0	0	0	92710	0	0	0	0
0	0	0	0	76662	0	0	0
0	0	0	0	0	0	0	22957678
102538	0	0	0	0	0	0	0
134206	0	0	0	0	0	0	0
127310	0	0	0	0	0	0	0
83950	0	0	0	0	0	0	0
112258	0	0	0	0	0	0	0
0	0	0	0	106090	0	0	0
102538	0	0	0	0	0	0	0
0	0	0	0	122494	0	0	0
0	0	0	286442	0	0	0	0
97044	0	0	0	0	0	0	0
93624	0	0	0	0	0	0	0
0	0	0	0	0	0	24022766	0
0	0	0	0	203362	0	0	0
0	0	0	0	0	0	0	14154722
98936	0	0	0	0	0	0	0
0	0	0	0	167546	0	0	0
0	0	0	0	147194	0	37691310	0
0	0	0	0	73338	0	0	0
0	0	0	0	162410	0	0	0
0	0	0	0	184302	0	0	0
0	0	0	0	0	0	0	20281982
0	0	0	0	158318	0	0	0
0	0	0	133866	0	0	0	0
225456	0	0	0	0	0	0	0
0	0	0	105394	0	0	0	0
0	0	0	0	141922	0	0	0
0	0	0	0	110462	0	0	0
0	0	0	85810	0	0	0	0
0	0	0	0	81518	0	0	0
204760	0	0	0	0	0	0	0
0	0	0	1395682	0	0	0	0
117276	0	0	0	0	0	0	0
102224	0	0	0	0	0	0	0
86960	0	0	0	0	0	0	0
105236	0	0	0	0	0	0	0
0	0	0	0	1317618	0	0	0
0	0	0	0	94202	0	0	0
98936	0	0	0	0	0	0	0
0	0	0	154354	0	0	0	0
0	0	0	0	84982	0	0	0
0	0	0	0	106346	0	0	0
0	0	0	0	122870	0	0	0
0	0	0	176050	0	0	0	0
0	0	0	0	97018	0	0	0
198500	0	0	0	0	0	0	0
0	0	0	0	113662	0	0	0
129182	0	0	0	0	0	0	0
74360	0	0	0	0	0	0	0
131386	0	0	0	0	0	0	0
0	0	0	0	0	0	0	11451070
75620	0	0	0	0	0	0	0
0	0	0	0	0	0	0	12548914
0	0	0	0	0	0	0	245606
0	0	0	0	89070	0	0	0
0	0	0	0	100962	0	0	0
0	0	0	0	102114	0	0	0
0	0	0	0	155382	0	0	0
0	0	0	117614	0	0	0	0
0	0	0	117602	0	0	0	0
142098	0	0	0	0	0	0	0
0	0	0	0	131050	0	0	0
0	0	0	73270	0	0	0	0
90426	0	0	0	0	0	0	0
150606	0	0	0	0	0	0	0
18751488	0	0	0	0	0	0	0
0	0	0	0	125946	0	0	0
146510	0	0	0	0	0	0	0
0	0	0	0	162674	0	0	0
0	0	0	301882	0	0	0	0
0	0	0	0	0	0	0	2165366
0	0	0	0	85750	0	0	0
0	0	0	174886	0	0	0	0
0	0	0	84526	0	0	0	0
0	0	0	133994	0	0	0	0
112798	0	0	0	0	0	0	0
141468	0	0	0	0	0	0	0
0	0	0	159334	0	0	0	0
0	0	0	0	0	0	0	1216114
0	0	0	0	94054	0	0	0
0	0	0	141994	0	0	0	0
119730	0	0	0	0	0	0	0
0	0	0	0	220902	0	0	0
0	0	0	0	93802	0	0	0
0	0	0	89954	0	0	0	0
110592	0	0	0	0	0	0	0
0	0	0	162558	0	0	0	0
0	0	0	0	110574	0	0	0
0	0	0	84834	0	0	0	0
0	0	0	133666	0	0	0	0
0	0	0	84714	0	0	0	0
183376	0	0	0	0	0	0	0
0	0	0	126566	0	0	0	0
0	0	0	7052090	0	0	0	0
0	0	0	176050	0	0	0	0
0	0	0	0	117614	0	0	0
100196	0	0	0	0	0	0	0
110278	0	0	0	0	0	0	0
0	0	0	0	98154	0	0	0
0	0	0	0	129778	0	0	0
25086426	0	0	97010	0	0	0	0
0	0	0	98174	0	0	0	0
0	0	0	93998	0	0	0	0
92634	0	0	0	0	0	0	0
0	0	0	125934	0	0	0	0
94524	0	0	0	0	0	0	0
0	0	0	126566	0	0	0	0
0	0	0	0	106234	0	0	0
116022	0	0	0	0	0	0	0
0	0	0	0	184046	0	0	0
0	0	0	0	158458	0	0	0
0	0	0	0	77806	0	0	0
0	0	0	0	141922	0	0	0
0	0	0	121514	0	0	0	0
0	0	0	85678	0	0	0	0
0	0	0	131062	0	0	0	0
0	0	0	0	81766	0	0	0
0	0	0	0	0	0	0	864170
0	0	0	0	765934	0	0	0
946838	0	0	0	0	0	0	0
0	0	0	0	0	0	0	834358
14208770	0	0	118394	0	0	0	0
75620	0	0	0	0	0	0	0
0	0	0	0	0	0	0	806638
79020	0	0	0	0	0	0	0
0	0	0	84794	0	0	0	0
0	0	0	0	0	0	0	11442878
0	0	0	0	114286	0	0	0
0	0	0	0	97258	0	0	0
0	0	0	109294	0	0	0	0
0	0	0	0	125550	0	0	0
0	0	0	0	130794	0	0	0
0	0	0	0	0	0	0	1785770
0	0	0	0	130658	0	0	0
0	0	0	0	96874	0	0	0
0	0	0	0	129890	0	0	0
0	0	0	0	0	0	22732462	0
0	0	0	125862	0	0	0	0
0	0	0	265902	11242474	0	0	0
0	0	0	146978	0	0	0	0
153648	0	0	0	0	0	0	0
119100	0	0	0	0	0	0	0
0	0	0	0	2366434	0	0	0
0	0	0	0	109182	0	0	0
0	0	0	77686	0	0	0	0
0	0	0	0	208630	0	0	0
0	0	0	0	133730	0	0	0
0	0	0	110182	0	0	0	0
139894	0	0	0	0	0	0	0
74360	0	0	0	0	0	0	0
0	0	0	0	150518	0	0	0
0	0	0	125602	0	0	0	0
0	0	0	102182	0	0	0	0
0	0	0	0	126706	0	0	0
0	0	0	0	109158	0	0	0
0	0	0	0	76390	0	0	0
0	0	0	102182	0	0	0	0
85072	0	0	0	0	0	0	0
0	0	0	0	81894	0	0	0
0	0	0	0	129778	0	0	0
0	0	0	98174	0	0	0	0
0	0	0	0	109182	0	0	0
0	0	0	0	125554	0	0	0
0	0	0	0	106234	0	0	0
0	0	0	0	141922	0	0	0
0	0	0	69566	0	0	0	0
0	0	0	141942	0	0	0	0
0	0	0	0	0	0	0	130602
603056	0	0	0	0	0	0	0
0	0	0	101030	0	0	0	0
0	0	0	0	371582	0	0	0
0	0	0	93798	0	0	0	0
0	0	0	212594	0	0	0	0
0	0	0	85550	0	0	0	0
0	0	0	130658	0	0	0	0
0	0	0	0	96874	0	0	0
0	29572798	0	106170	0	0	0	0
86332	0	0	0	0	0	0	0
0	0	0	0	129778	0	0	0
0	0	0	929654	0	0	0	0
214882	0	0	0	0	0	0	0
138318	0	0	0	0	0	0	0
0	0	0	76598	0	0	0	0
77510	0	0	0	0	0	0	0
139264	0	0	0	0	0	0	0
0	0	0	0	0	0	0	19865446
103976	0	0	0	0	0	0	0
0	0	0	0	137970	0	0	0
0	0	0	0	0	0	0	2480878
0	0	0	0	117614	0	0	0
108700	0	0	0	0	0	0	0
163840	0	0	0	0	0	0	0
0	0	0	125482	0	0	0	0
101456	0	0	0	0	0	0	0
185896	0	0	0	0	0	0	0
0	0	0	89854	0	0	0	0
0	0	0	0	134114	0	0	0
0	0	0	151534	0	0	0	0
152498	0	0	0	0	0	0	244658
205744	0	0	0	0	0	0	11721706
83182	0	0	0	0	0	0	0
0	0	0	0	97914	0	0	0
0	0	0	0	73570	0	0	0
0	0	0	113594	0	0	0	0
0	0	0	0	125554	0	0	0
0	0	0	0	121586	0	0	0
103346	0	0	0	0	0	0	0
0	0	0	0	155362	0	0	0
0	0	0	0	0	0	23130022	0
0	0	0	101230	0	0	0	0
0	0	0	0	256738	0	0	0
81920	0	0	0	0	0	0	0
0	0	0	150250	0	0	0	0
0	0	0	0	110462	0	0	0
103346	0	0	0	0	0	0	0
112168	0	0	0	0	0	0	0
0	0	0	138934	0	0	0	0
124456	0	0	0	0	0	0	0
0	0	0	0	80610	0	0	0
0	0	0	0	80750	0	0	0
96414	0	0	0	0	0	0	0
155018	0	0	0	0	0	0	0
178650	0	0	0	0	0	0	0
0	0	0	0	77414	0	0	0
0	0	0	0	113518	0	0	0
0	0	0	0	114302	0	0	0
0	0	0	0	196206	0	0	0
85072	0	0	0	0	0	0	0
0	0	0	0	81890	0	0	0
260254	0	0	0	0	0	0	0
146824	0	0	0	0	0	0	0
132332	0	0	0	0	0	0	0
0	0	0	0	162794	0	0	0
81290	0	0	0	0	0	0	0
88852	0	0	0	0	0	0	0
148086	0	0	0	0	0	0	0
100196	0	0	0	0	0	0	0
0	0	0	0	151142	0	0	0
0	0	0	0	106474	0	0	0
105866	0	0	0	0	0	0	0
0	0	0	0	93182	0	0	0
0	0	0	0	170734	0	0	0
0	0	0	0	98290	0	0	0
0	0	0	0	139250	0	0	0
100826	0	0	0	0	0	0	0
104606	0	0	0	0	0	0	0
0	0	0	0	81642	0	0	0
0	0	0	0	90086	0	0	0
0	0	0	0	163702	0	0	0
0	0	0	0	89082	0	0	0
1959150	0	0	0	0	0	0	0
0	0	0	0	113382	0	0	0
0	0	0	0	113634	0	0	0
0	0	0	0	84582	0	0	0
93894	0	0	0	0	0	0	0
0	0	0	0	178934	0	0	0
0	0	0	125802	0	0	0	0
168882	0	0	0	0	0	0	0
0	0	0	129978	0	0	0	0
190622	0	0	0	0	0	0	0
0	0	0	76582	0	0	0	0
112798	0	0	0	0	0	0	0
101456	0	0	0	0	0	0	0
0	0	0	0	93034	0	0	0
152184	0	0	0	0	0	0	0
83812	0	0	0	0	0	0	0
0	0	0	0	97906	0	0	0
260254	0	0	0	0	0	0	0
0	0	0	0	129786	0	0	0
254266	0	0	0	0	0	0	0
0	0	0	391802	0	0	0	0
0	0	0	142186	0	0	0	0
0	0	0	4611770	0	0	0	0
0	0	0	0	88818	0	0	0
0	0	0	0	175970	0	0	0
0	0	0	0	154226	0	0	0
189678	0	0	0	0	0	0	0
89798	0	0	0	0	0	0	0
0	0	0	0	96870	0	0	0
0	0	0	143150	0	0	0	0
180856	0	0	0	0	0	0	0
0	0	0	0	81894	0	0	0
0	0	0	0	102394	0	0	0
0	0	0	0	109294	0	0	0
141786	0	0	0	0	0	0	0
108388	0	0	0	0	0	0	0
0	0	0	188158	0	0	0	0
0	0	0	0	126834	0	0	0
0	0	0	576354	0	0	0	0
0	0	0	178742	0	0	0	0
156278	0	0	0	0	0	0	0
89168	0	0	0	0	0	0	0
0	0	0	0	110574	0	0	0
90744	0	0	0	0	0	0	0
0	0	0	121470	0	0	0	0
0	0	0	76462	0	0	0	0
0	0	0	0	135026	0	0	0
0	0	0	0	122742	0	0	0
328310	0	0	0	0	0	0	0
0	0	0	0	1376242	0	0	0
192198	0	0	0	0	0	0	0
0	0	0	294566	0	0	0	0
0	0	0	77614	0	0	0	0
0	0	0	0	73570	0	0	0
0	0	0	0	114422	0	0	0
0	2722670	0	0	0	0	0	0
0	0	0	0	121838	0	0	0
0	0	0	0	138858	0	0	0
215196	0	0	0	0	0	0	0
0	0	0	0	110198	0	0	0
2550864	0	0	0	0	0	0	0
0	0	0	0	118374	0	0	0
95784	0	0	0	0	0	0	0
0	0	0	0	137970	0	0	0
0	0	0	0	89838	0	0	0
0	0	0	0	101242	0	0	0
0	0	0	0	166890	0	0	0
0	0	0	0	81766	0	0	0
0	0	0	0	20078590	0	0	0
90744	0	0	0	0	0	0	0
0	0	0	93034	0	0	0	0
138284	0	0	0	0	0	0	0
0	0	0	0	80894	0	0	0
0	0	0	97058	0	0	0	0
0	0	0	98274	0	0	0	0
80274	0	0	0	0	0	0	0
0	0	0	0	0	0	0	933802
103976	0	0	0	0	0	0	0
0	0	0	118642	0	0	0	0
0	0	0	121530	0	0	0	0
0	0	0	0	150518	0	0	0
0	16730990	0	0	0	0	0	0
0	0	0	89006	0	0	0	0
0	0	0	0	150518	0	0	0
0	0	0	0	129890	0	0	0
0	0	0	0	0	0	0	4856510
0	0	0	0	0	0	0	663078
0	0	0	88874	0	0	0	0
0	0	0	0	0	0	0	5603242
0	0	0	109366	0	0	0	0
0	0	0	0	207734	0	0	0
0	0	0	84834	0	0	0	0
0	0	0	0	97914	0	0	0
0	0	0	0	150142	0	0	0
0	0	0	0	158710	0	0	0
0	0	0	0	126946	0	0	0
111632	0	0	0	0	0	0	0
125428	0	0	0	0	0	0	0
0	0	0	0	97014	0	0	0
0	0	0	0	89830	0	0	0
381244	0	0	0	0	0	0	0
0	0	0	0	114286	0	0	0
0	0	0	0	0	0	0	932542
99088	0	0	0	0	0	0	0
0	0	0	0	102394	0	0	0
0	0	0	88614	0	0	0	0
140122	0	0	0	0	0	0	0
97834	0	0	0	0	0	0	0
0	0	0	0	1109986	0	0	0
0	0	0	0	8084198	0	0	0
0	0	0	0	139114	0	0	0
126056	0	0	0	0	0	0	0
0	0	0	1089342	0	0	0	0
127938	0	0	0	0	0	0	0
0	0	0	0	166890	0	0	0
0	0	0	0	90086	0	0	0
162744	0	0	0	0	0	0	0
0	0	0	0	85606	0	0	0
0	0	0	0	184046	0	0	0
0	0	0	0	89974	0	0	0
0	0	0	281142	240254	0	0	0
0	0	0	203642	0	0	0	0
0	0	0	0	139106	0	0	0
0	0	0	0	4530162	0	0	0
76250	0	0	0	0	0	0	0
102852	0	0	0	0	0	0	0
0	0	0	113398	0	0	0	0
0	0	0	0	126834	0	0	0
89052	0	0	0	0	0	0	0
112798	0	0	0	0	0	0	0
0	0	0	0	249726	0	0	0
0	0	0	0	0	0	0	2817578
0	0	0	0	0	0	0	9841186
724658	756270	0	0	0	0	0	0
0	0	0	0	0	0	0	19705574
144304	0	0	0	0	0	0	0
0	0	0	0	94066	0	0	0
0	0	0	0	0	0	0	1411774
0	0	0	0	77430	0	0	0
0	0	0	0	221158	0	0	0
0	0	0	187370	0	0	0	0
82156	0	0	0	0	0	0	0
139264	0	0	0	0	0	0	0
122920	0	0	0	0	0	0	0
0	0	0	84714	0	0	0	0
0	0	0	0	134882	0	0	0
121978	0	0	0	0	0	0	0
0	0	0	0	94202	0	0	0
0	0	0	0	260962	0	0	0
3585666	0	0	0	0	0	0	0
0	0	0	158690	0	0	0	0
0	0	0	0	76662	0	0	0
102050	0	0	0	0	0	0	0
0	0	0	0	0	0	0	363430
0	0	0	0	0	0	0	2096050
0	0	0	0	109182	0	0	0
0	0	0	0	121598	0	0	0
231726	0	0	0	0	0	0	0
0	0	0	129778	0	0	0	0
0	0	0	0	114286	0	0	0
68986	0	0	0	0	0	0	0
0	0	0	0	0	0	0	12635878
0	0	0	0	0	0	0	483262
74360	0	0	0	0	0	0	0
126662	0	0	0	0	0	0	0
0	0	0	0	88694	0	0	0
0	0	0	0	106234	0	0	0
0	0	0	0	109294	0	0	0
0	0	0	146362	0	0	0	0
0	0	0	0	155510	0	0	0
0	0	0	0	88694	0	0	0
0	0	0	0	93802	0	0	0
131702	0	0	0	0	0	0	0
0	0	0	0	134882	0	0	0
120990	0	0	0	0	0	0	0
127292	0	0	0	0	0	0	0
130442	0	0	0	0	0	0	0
121620	0	0	0	0	0	0	0
2554014	0	0	0	0	0	0	0
0	0	0	147126	0	0	0	0
0	0	0	0	0	0	0	7360498
0	0	0	0	121838	0	0	0
14683844	0	0	0	0	0	0	0
0	0	0	0	1956470	0	0	0
0	0	0	0	0	0	25607918	0
0	0	0	109538	0	0	0	0
0	0	0	0	102010	0	0	0
0	0	0	3201982	0	0	0	0
0	0	0	151534	0	0	0	0
0	0	0	5893102	0	0	0	0
0	0	0	0	77686	0	0	0
102086	0	0	0	0	0	0	0
0	0	0	137970	0	0	0	0
0	0	0	0	97914	0	0	0
0	0	0	0	174974	0	0	0
0	0	0	0	129778	0	0	0
102716	0	0	0	0	0	0	0
0	0	0	0	179822	0	0	0
0	0	0	0	118654	0	0	0
0	0	0	0	146290	0	0	0
0	0	0	0	146282	0	0	0
0	0	0	0	105442	0	0	0
80658	0	0	0	0	0	0	0
